ID	suv_damozo	coord
CC11_N04TAF	survive_1	c(2.00993934724186, -0.00745916462491636, 2.09740188774757, 2.60747313973558, -0.962248380238671, 2.46332438204143, -1.16037323798295, 0.161896444327984, 0.582503689687189, 3.20682663072399, -2.22190939081788, 2.39212117734571, -0.40483604234408, 1.17812259500815, -1.64039864603194, -2.16044146009468, -2.54630483990026, -2.1527677297041, -0.83028265912013, -1.81896094136512, -1.95454035697678, -1.44404549182251, -2.04725563905972, -1.5235616692597, 1.78081371262682, -1.62313835196635, -1.69735692300284, 
-2.94169414876552, -0.446964123901164, -1.40320095542483, -1.13409755988288, 0.315403043715827, 0.827589805983897, -1.03604135261962, 2.94770531764155, -2.09844956822868, -1.06550290345541, -2.46196177158148, -1.80176013105393, 2.47319235525466, -2.19402691712342, -0.129621485325105, -0.285767876476174, -2.67789749371126, 1.10198490677703, 3.25988638261557, 1.89998485881327, 2.90065760564176, 2.08564700389227, 3.80944393043333, 2.8951650502443, -0.92858143438918, 2.33413234142022, -0.689105938494862, 
4.30173842626679, -2.14239945044061)
CC13_N04TAF	survive_0	c(2.00993934724186, -0.00745916462491636, 2.09740188774757, 2.60747313973558, -0.962248380238671, 2.46332438204143, -1.16037323798295, 0.161896444327984, 0.582503689687189, 3.20682663072399, -2.22190939081788, 2.39212117734571, -0.40483604234408, 1.17812259500815, -1.64039864603194, -2.16044146009468, -2.54630483990026, -2.1527677297041, -0.83028265912013, -1.81896094136512, -1.95454035697678, -1.44404549182251, -2.04725563905972, -1.5235616692597, 1.78081371262682, -1.62313835196635, -1.69735692300284, 
-2.94169414876552, -0.446964123901164, -1.40320095542483, -1.13409755988288, 0.315403043715827, 0.827589805983897, -1.03604135261962, 2.94770531764155, -2.09844956822868, -1.06550290345541, -2.46196177158148, -1.80176013105393, 2.47319235525466, -2.19402691712342, -0.129621485325105, -0.285767876476174, -2.67789749371126, 1.10198490677703, 3.25988638261557, 1.89998485881327, 2.90065760564176, 2.08564700389227, 3.80944393043333, 2.8951650502443, -0.92858143438918, 2.33413234142022, -0.689105938494862, 
4.30173842626679, -2.14239945044061)
CC15_N04TAF	survive_1	c(2.00993934724186, -0.00745916462491636, 2.09740188774757, 2.60747313973558, -0.962248380238671, 2.46332438204143, -1.16037323798295, 0.161896444327984, 0.582503689687189, 3.20682663072399, -2.22190939081788, 2.39212117734571, -0.40483604234408, 1.17812259500815, -1.64039864603194, -2.16044146009468, -2.54630483990026, -2.1527677297041, -0.83028265912013, -1.81896094136512, -1.95454035697678, -1.44404549182251, -2.04725563905972, -1.5235616692597, 1.78081371262682, -1.62313835196635, -1.69735692300284, 
-2.94169414876552, -0.446964123901164, -1.40320095542483, -1.13409755988288, 0.315403043715827, 0.827589805983897, -1.03604135261962, 2.94770531764155, -2.09844956822868, -1.06550290345541, -2.46196177158148, -1.80176013105393, 2.47319235525466, -2.19402691712342, -0.129621485325105, -0.285767876476174, -2.67789749371126, 1.10198490677703, 3.25988638261557, 1.89998485881327, 2.90065760564176, 2.08564700389227, 3.80944393043333, 2.8951650502443, -0.92858143438918, 2.33413234142022, -0.689105938494862, 
4.30173842626679, -2.14239945044061)
CC16_N04TAF	survive_1	c(2.00993934724186, -0.00745916462491636, 2.09740188774757, 2.60747313973558, -0.962248380238671, 2.46332438204143, -1.16037323798295, 0.161896444327984, 0.582503689687189, 3.20682663072399, -2.22190939081788, 2.39212117734571, -0.40483604234408, 1.17812259500815, -1.64039864603194, -2.16044146009468, -2.54630483990026, -2.1527677297041, -0.83028265912013, -1.81896094136512, -1.95454035697678, -1.44404549182251, -2.04725563905972, -1.5235616692597, 1.78081371262682, -1.62313835196635, -1.69735692300284, 
-2.94169414876552, -0.446964123901164, -1.40320095542483, -1.13409755988288, 0.315403043715827, 0.827589805983897, -1.03604135261962, 2.94770531764155, -2.09844956822868, -1.06550290345541, -2.46196177158148, -1.80176013105393, 2.47319235525466, -2.19402691712342, -0.129621485325105, -0.285767876476174, -2.67789749371126, 1.10198490677703, 3.25988638261557, 1.89998485881327, 2.90065760564176, 2.08564700389227, 3.80944393043333, 2.8951650502443, -0.92858143438918, 2.33413234142022, -0.689105938494862, 
4.30173842626679, -2.14239945044061)
CC17_N04TAF	survive_1	c(2.00993934724186, -0.00745916462491636, 2.09740188774757, 2.60747313973558, -0.962248380238671, 2.46332438204143, -1.16037323798295, 0.161896444327984, 0.582503689687189, 3.20682663072399, -2.22190939081788, 2.39212117734571, -0.40483604234408, 1.17812259500815, -1.64039864603194, -2.16044146009468, -2.54630483990026, -2.1527677297041, -0.83028265912013, -1.81896094136512, -1.95454035697678, -1.44404549182251, -2.04725563905972, -1.5235616692597, 1.78081371262682, -1.62313835196635, -1.69735692300284, 
-2.94169414876552, -0.446964123901164, -1.40320095542483, -1.13409755988288, 0.315403043715827, 0.827589805983897, -1.03604135261962, 2.94770531764155, -2.09844956822868, -1.06550290345541, -2.46196177158148, -1.80176013105393, 2.47319235525466, -2.19402691712342, -0.129621485325105, -0.285767876476174, -2.67789749371126, 1.10198490677703, 3.25988638261557, 1.89998485881327, 2.90065760564176, 2.08564700389227, 3.80944393043333, 2.8951650502443, -0.92858143438918, 2.33413234142022, -0.689105938494862, 
4.30173842626679, -2.14239945044061)
CC20_N04TAF	survive_1	c(2.00993934724186, -0.00745916462491636, 2.09740188774757, 2.60747313973558, -0.962248380238671, 2.46332438204143, -1.16037323798295, 0.161896444327984, 0.582503689687189, 3.20682663072399, -2.22190939081788, 2.39212117734571, -0.40483604234408, 1.17812259500815, -1.64039864603194, -2.16044146009468, -2.54630483990026, -2.1527677297041, -0.83028265912013, -1.81896094136512, -1.95454035697678, -1.44404549182251, -2.04725563905972, -1.5235616692597, 1.78081371262682, -1.62313835196635, -1.69735692300284, 
-2.94169414876552, -0.446964123901164, -1.40320095542483, -1.13409755988288, 0.315403043715827, 0.827589805983897, -1.03604135261962, 2.94770531764155, -2.09844956822868, -1.06550290345541, -2.46196177158148, -1.80176013105393, 2.47319235525466, -2.19402691712342, -0.129621485325105, -0.285767876476174, -2.67789749371126, 1.10198490677703, 3.25988638261557, 1.89998485881327, 2.90065760564176, 2.08564700389227, 3.80944393043333, 2.8951650502443, -0.92858143438918, 2.33413234142022, -0.689105938494862, 
4.30173842626679, -2.14239945044061)
CC21_N04TAF	survive_0	c(2.00993934724186, -0.00745916462491636, 2.09740188774757, 2.60747313973558, -0.962248380238671, 2.46332438204143, -1.16037323798295, 0.161896444327984, 0.582503689687189, 3.20682663072399, -2.22190939081788, 2.39212117734571, -0.40483604234408, 1.17812259500815, -1.64039864603194, -2.16044146009468, -2.54630483990026, -2.1527677297041, -0.83028265912013, -1.81896094136512, -1.95454035697678, -1.44404549182251, -2.04725563905972, -1.5235616692597, 1.78081371262682, -1.62313835196635, -1.69735692300284, 
-2.94169414876552, -0.446964123901164, -1.40320095542483, -1.13409755988288, 0.315403043715827, 0.827589805983897, -1.03604135261962, 2.94770531764155, -2.09844956822868, -1.06550290345541, -2.46196177158148, -1.80176013105393, 2.47319235525466, -2.19402691712342, -0.129621485325105, -0.285767876476174, -2.67789749371126, 1.10198490677703, 3.25988638261557, 1.89998485881327, 2.90065760564176, 2.08564700389227, 3.80944393043333, 2.8951650502443, -0.92858143438918, 2.33413234142022, -0.689105938494862, 
4.30173842626679, -2.14239945044061)
CC23_N04TAF	survive_0	c(2.00993934724186, -0.00745916462491636, 2.09740188774757, 2.60747313973558, -0.962248380238671, 2.46332438204143, -1.16037323798295, 0.161896444327984, 0.582503689687189, 3.20682663072399, -2.22190939081788, 2.39212117734571, -0.40483604234408, 1.17812259500815, -1.64039864603194, -2.16044146009468, -2.54630483990026, -2.1527677297041, -0.83028265912013, -1.81896094136512, -1.95454035697678, -1.44404549182251, -2.04725563905972, -1.5235616692597, 1.78081371262682, -1.62313835196635, -1.69735692300284, 
-2.94169414876552, -0.446964123901164, -1.40320095542483, -1.13409755988288, 0.315403043715827, 0.827589805983897, -1.03604135261962, 2.94770531764155, -2.09844956822868, -1.06550290345541, -2.46196177158148, -1.80176013105393, 2.47319235525466, -2.19402691712342, -0.129621485325105, -0.285767876476174, -2.67789749371126, 1.10198490677703, 3.25988638261557, 1.89998485881327, 2.90065760564176, 2.08564700389227, 3.80944393043333, 2.8951650502443, -0.92858143438918, 2.33413234142022, -0.689105938494862, 
4.30173842626679, -2.14239945044061)
CC24_N04TAF	survive_0	c(2.00993934724186, -0.00745916462491636, 2.09740188774757, 2.60747313973558, -0.962248380238671, 2.46332438204143, -1.16037323798295, 0.161896444327984, 0.582503689687189, 3.20682663072399, -2.22190939081788, 2.39212117734571, -0.40483604234408, 1.17812259500815, -1.64039864603194, -2.16044146009468, -2.54630483990026, -2.1527677297041, -0.83028265912013, -1.81896094136512, -1.95454035697678, -1.44404549182251, -2.04725563905972, -1.5235616692597, 1.78081371262682, -1.62313835196635, -1.69735692300284, 
-2.94169414876552, -0.446964123901164, -1.40320095542483, -1.13409755988288, 0.315403043715827, 0.827589805983897, -1.03604135261962, 2.94770531764155, -2.09844956822868, -1.06550290345541, -2.46196177158148, -1.80176013105393, 2.47319235525466, -2.19402691712342, -0.129621485325105, -0.285767876476174, -2.67789749371126, 1.10198490677703, 3.25988638261557, 1.89998485881327, 2.90065760564176, 2.08564700389227, 3.80944393043333, 2.8951650502443, -0.92858143438918, 2.33413234142022, -0.689105938494862, 
4.30173842626679, -2.14239945044061)
CC26_N04TAF	survive_1	c(2.00993934724186, -0.00745916462491636, 2.09740188774757, 2.60747313973558, -0.962248380238671, 2.46332438204143, -1.16037323798295, 0.161896444327984, 0.582503689687189, 3.20682663072399, -2.22190939081788, 2.39212117734571, -0.40483604234408, 1.17812259500815, -1.64039864603194, -2.16044146009468, -2.54630483990026, -2.1527677297041, -0.83028265912013, -1.81896094136512, -1.95454035697678, -1.44404549182251, -2.04725563905972, -1.5235616692597, 1.78081371262682, -1.62313835196635, -1.69735692300284, 
-2.94169414876552, -0.446964123901164, -1.40320095542483, -1.13409755988288, 0.315403043715827, 0.827589805983897, -1.03604135261962, 2.94770531764155, -2.09844956822868, -1.06550290345541, -2.46196177158148, -1.80176013105393, 2.47319235525466, -2.19402691712342, -0.129621485325105, -0.285767876476174, -2.67789749371126, 1.10198490677703, 3.25988638261557, 1.89998485881327, 2.90065760564176, 2.08564700389227, 3.80944393043333, 2.8951650502443, -0.92858143438918, 2.33413234142022, -0.689105938494862, 
4.30173842626679, -2.14239945044061)
CC27_N04TAF	survive_0	c(2.00993934724186, -0.00745916462491636, 2.09740188774757, 2.60747313973558, -0.962248380238671, 2.46332438204143, -1.16037323798295, 0.161896444327984, 0.582503689687189, 3.20682663072399, -2.22190939081788, 2.39212117734571, -0.40483604234408, 1.17812259500815, -1.64039864603194, -2.16044146009468, -2.54630483990026, -2.1527677297041, -0.83028265912013, -1.81896094136512, -1.95454035697678, -1.44404549182251, -2.04725563905972, -1.5235616692597, 1.78081371262682, -1.62313835196635, -1.69735692300284, 
-2.94169414876552, -0.446964123901164, -1.40320095542483, -1.13409755988288, 0.315403043715827, 0.827589805983897, -1.03604135261962, 2.94770531764155, -2.09844956822868, -1.06550290345541, -2.46196177158148, -1.80176013105393, 2.47319235525466, -2.19402691712342, -0.129621485325105, -0.285767876476174, -2.67789749371126, 1.10198490677703, 3.25988638261557, 1.89998485881327, 2.90065760564176, 2.08564700389227, 3.80944393043333, 2.8951650502443, -0.92858143438918, 2.33413234142022, -0.689105938494862, 
4.30173842626679, -2.14239945044061)
CC29_N04TAF	survive_1	c(2.00993934724186, -0.00745916462491636, 2.09740188774757, 2.60747313973558, -0.962248380238671, 2.46332438204143, -1.16037323798295, 0.161896444327984, 0.582503689687189, 3.20682663072399, -2.22190939081788, 2.39212117734571, -0.40483604234408, 1.17812259500815, -1.64039864603194, -2.16044146009468, -2.54630483990026, -2.1527677297041, -0.83028265912013, -1.81896094136512, -1.95454035697678, -1.44404549182251, -2.04725563905972, -1.5235616692597, 1.78081371262682, -1.62313835196635, -1.69735692300284, 
-2.94169414876552, -0.446964123901164, -1.40320095542483, -1.13409755988288, 0.315403043715827, 0.827589805983897, -1.03604135261962, 2.94770531764155, -2.09844956822868, -1.06550290345541, -2.46196177158148, -1.80176013105393, 2.47319235525466, -2.19402691712342, -0.129621485325105, -0.285767876476174, -2.67789749371126, 1.10198490677703, 3.25988638261557, 1.89998485881327, 2.90065760564176, 2.08564700389227, 3.80944393043333, 2.8951650502443, -0.92858143438918, 2.33413234142022, -0.689105938494862, 
4.30173842626679, -2.14239945044061)
CC30_N04TAF	survive_0	c(2.00993934724186, -0.00745916462491636, 2.09740188774757, 2.60747313973558, -0.962248380238671, 2.46332438204143, -1.16037323798295, 0.161896444327984, 0.582503689687189, 3.20682663072399, -2.22190939081788, 2.39212117734571, -0.40483604234408, 1.17812259500815, -1.64039864603194, -2.16044146009468, -2.54630483990026, -2.1527677297041, -0.83028265912013, -1.81896094136512, -1.95454035697678, -1.44404549182251, -2.04725563905972, -1.5235616692597, 1.78081371262682, -1.62313835196635, -1.69735692300284, 
-2.94169414876552, -0.446964123901164, -1.40320095542483, -1.13409755988288, 0.315403043715827, 0.827589805983897, -1.03604135261962, 2.94770531764155, -2.09844956822868, -1.06550290345541, -2.46196177158148, -1.80176013105393, 2.47319235525466, -2.19402691712342, -0.129621485325105, -0.285767876476174, -2.67789749371126, 1.10198490677703, 3.25988638261557, 1.89998485881327, 2.90065760564176, 2.08564700389227, 3.80944393043333, 2.8951650502443, -0.92858143438918, 2.33413234142022, -0.689105938494862, 
4.30173842626679, -2.14239945044061)
CA11_N04TAF	survive_1	c(2.00993934724186, -0.00745916462491636, 2.09740188774757, 2.60747313973558, -0.962248380238671, 2.46332438204143, -1.16037323798295, 0.161896444327984, 0.582503689687189, 3.20682663072399, -2.22190939081788, 2.39212117734571, -0.40483604234408, 1.17812259500815, -1.64039864603194, -2.16044146009468, -2.54630483990026, -2.1527677297041, -0.83028265912013, -1.81896094136512, -1.95454035697678, -1.44404549182251, -2.04725563905972, -1.5235616692597, 1.78081371262682, -1.62313835196635, -1.69735692300284, 
-2.94169414876552, -0.446964123901164, -1.40320095542483, -1.13409755988288, 0.315403043715827, 0.827589805983897, -1.03604135261962, 2.94770531764155, -2.09844956822868, -1.06550290345541, -2.46196177158148, -1.80176013105393, 2.47319235525466, -2.19402691712342, -0.129621485325105, -0.285767876476174, -2.67789749371126, 1.10198490677703, 3.25988638261557, 1.89998485881327, 2.90065760564176, 2.08564700389227, 3.80944393043333, 2.8951650502443, -0.92858143438918, 2.33413234142022, -0.689105938494862, 
4.30173842626679, -2.14239945044061)
CA14_N04TAF	survive_0	c(2.00993934724186, -0.00745916462491636, 2.09740188774757, 2.60747313973558, -0.962248380238671, 2.46332438204143, -1.16037323798295, 0.161896444327984, 0.582503689687189, 3.20682663072399, -2.22190939081788, 2.39212117734571, -0.40483604234408, 1.17812259500815, -1.64039864603194, -2.16044146009468, -2.54630483990026, -2.1527677297041, -0.83028265912013, -1.81896094136512, -1.95454035697678, -1.44404549182251, -2.04725563905972, -1.5235616692597, 1.78081371262682, -1.62313835196635, -1.69735692300284, 
-2.94169414876552, -0.446964123901164, -1.40320095542483, -1.13409755988288, 0.315403043715827, 0.827589805983897, -1.03604135261962, 2.94770531764155, -2.09844956822868, -1.06550290345541, -2.46196177158148, -1.80176013105393, 2.47319235525466, -2.19402691712342, -0.129621485325105, -0.285767876476174, -2.67789749371126, 1.10198490677703, 3.25988638261557, 1.89998485881327, 2.90065760564176, 2.08564700389227, 3.80944393043333, 2.8951650502443, -0.92858143438918, 2.33413234142022, -0.689105938494862, 
4.30173842626679, -2.14239945044061)
CA16_N04TAF	survive_0	c(2.00993934724186, -0.00745916462491636, 2.09740188774757, 2.60747313973558, -0.962248380238671, 2.46332438204143, -1.16037323798295, 0.161896444327984, 0.582503689687189, 3.20682663072399, -2.22190939081788, 2.39212117734571, -0.40483604234408, 1.17812259500815, -1.64039864603194, -2.16044146009468, -2.54630483990026, -2.1527677297041, -0.83028265912013, -1.81896094136512, -1.95454035697678, -1.44404549182251, -2.04725563905972, -1.5235616692597, 1.78081371262682, -1.62313835196635, -1.69735692300284, 
-2.94169414876552, -0.446964123901164, -1.40320095542483, -1.13409755988288, 0.315403043715827, 0.827589805983897, -1.03604135261962, 2.94770531764155, -2.09844956822868, -1.06550290345541, -2.46196177158148, -1.80176013105393, 2.47319235525466, -2.19402691712342, -0.129621485325105, -0.285767876476174, -2.67789749371126, 1.10198490677703, 3.25988638261557, 1.89998485881327, 2.90065760564176, 2.08564700389227, 3.80944393043333, 2.8951650502443, -0.92858143438918, 2.33413234142022, -0.689105938494862, 
4.30173842626679, -2.14239945044061)
CA17_N04TAF	survive_0	c(2.00993934724186, -0.00745916462491636, 2.09740188774757, 2.60747313973558, -0.962248380238671, 2.46332438204143, -1.16037323798295, 0.161896444327984, 0.582503689687189, 3.20682663072399, -2.22190939081788, 2.39212117734571, -0.40483604234408, 1.17812259500815, -1.64039864603194, -2.16044146009468, -2.54630483990026, -2.1527677297041, -0.83028265912013, -1.81896094136512, -1.95454035697678, -1.44404549182251, -2.04725563905972, -1.5235616692597, 1.78081371262682, -1.62313835196635, -1.69735692300284, 
-2.94169414876552, -0.446964123901164, -1.40320095542483, -1.13409755988288, 0.315403043715827, 0.827589805983897, -1.03604135261962, 2.94770531764155, -2.09844956822868, -1.06550290345541, -2.46196177158148, -1.80176013105393, 2.47319235525466, -2.19402691712342, -0.129621485325105, -0.285767876476174, -2.67789749371126, 1.10198490677703, 3.25988638261557, 1.89998485881327, 2.90065760564176, 2.08564700389227, 3.80944393043333, 2.8951650502443, -0.92858143438918, 2.33413234142022, -0.689105938494862, 
4.30173842626679, -2.14239945044061)
CA19_N04TAF	survive_0	c(2.00993934724186, -0.00745916462491636, 2.09740188774757, 2.60747313973558, -0.962248380238671, 2.46332438204143, -1.16037323798295, 0.161896444327984, 0.582503689687189, 3.20682663072399, -2.22190939081788, 2.39212117734571, -0.40483604234408, 1.17812259500815, -1.64039864603194, -2.16044146009468, -2.54630483990026, -2.1527677297041, -0.83028265912013, -1.81896094136512, -1.95454035697678, -1.44404549182251, -2.04725563905972, -1.5235616692597, 1.78081371262682, -1.62313835196635, -1.69735692300284, 
-2.94169414876552, -0.446964123901164, -1.40320095542483, -1.13409755988288, 0.315403043715827, 0.827589805983897, -1.03604135261962, 2.94770531764155, -2.09844956822868, -1.06550290345541, -2.46196177158148, -1.80176013105393, 2.47319235525466, -2.19402691712342, -0.129621485325105, -0.285767876476174, -2.67789749371126, 1.10198490677703, 3.25988638261557, 1.89998485881327, 2.90065760564176, 2.08564700389227, 3.80944393043333, 2.8951650502443, -0.92858143438918, 2.33413234142022, -0.689105938494862, 
4.30173842626679, -2.14239945044061)
CA21_N04TAF	survive_0	c(2.00993934724186, -0.00745916462491636, 2.09740188774757, 2.60747313973558, -0.962248380238671, 2.46332438204143, -1.16037323798295, 0.161896444327984, 0.582503689687189, 3.20682663072399, -2.22190939081788, 2.39212117734571, -0.40483604234408, 1.17812259500815, -1.64039864603194, -2.16044146009468, -2.54630483990026, -2.1527677297041, -0.83028265912013, -1.81896094136512, -1.95454035697678, -1.44404549182251, -2.04725563905972, -1.5235616692597, 1.78081371262682, -1.62313835196635, -1.69735692300284, 
-2.94169414876552, -0.446964123901164, -1.40320095542483, -1.13409755988288, 0.315403043715827, 0.827589805983897, -1.03604135261962, 2.94770531764155, -2.09844956822868, -1.06550290345541, -2.46196177158148, -1.80176013105393, 2.47319235525466, -2.19402691712342, -0.129621485325105, -0.285767876476174, -2.67789749371126, 1.10198490677703, 3.25988638261557, 1.89998485881327, 2.90065760564176, 2.08564700389227, 3.80944393043333, 2.8951650502443, -0.92858143438918, 2.33413234142022, -0.689105938494862, 
4.30173842626679, -2.14239945044061)
CA22_N04TAF	survive_0	c(2.00993934724186, -0.00745916462491636, 2.09740188774757, 2.60747313973558, -0.962248380238671, 2.46332438204143, -1.16037323798295, 0.161896444327984, 0.582503689687189, 3.20682663072399, -2.22190939081788, 2.39212117734571, -0.40483604234408, 1.17812259500815, -1.64039864603194, -2.16044146009468, -2.54630483990026, -2.1527677297041, -0.83028265912013, -1.81896094136512, -1.95454035697678, -1.44404549182251, -2.04725563905972, -1.5235616692597, 1.78081371262682, -1.62313835196635, -1.69735692300284, 
-2.94169414876552, -0.446964123901164, -1.40320095542483, -1.13409755988288, 0.315403043715827, 0.827589805983897, -1.03604135261962, 2.94770531764155, -2.09844956822868, -1.06550290345541, -2.46196177158148, -1.80176013105393, 2.47319235525466, -2.19402691712342, -0.129621485325105, -0.285767876476174, -2.67789749371126, 1.10198490677703, 3.25988638261557, 1.89998485881327, 2.90065760564176, 2.08564700389227, 3.80944393043333, 2.8951650502443, -0.92858143438918, 2.33413234142022, -0.689105938494862, 
4.30173842626679, -2.14239945044061)
CA25_N04TAF	survive_0	c(2.00993934724186, -0.00745916462491636, 2.09740188774757, 2.60747313973558, -0.962248380238671, 2.46332438204143, -1.16037323798295, 0.161896444327984, 0.582503689687189, 3.20682663072399, -2.22190939081788, 2.39212117734571, -0.40483604234408, 1.17812259500815, -1.64039864603194, -2.16044146009468, -2.54630483990026, -2.1527677297041, -0.83028265912013, -1.81896094136512, -1.95454035697678, -1.44404549182251, -2.04725563905972, -1.5235616692597, 1.78081371262682, -1.62313835196635, -1.69735692300284, 
-2.94169414876552, -0.446964123901164, -1.40320095542483, -1.13409755988288, 0.315403043715827, 0.827589805983897, -1.03604135261962, 2.94770531764155, -2.09844956822868, -1.06550290345541, -2.46196177158148, -1.80176013105393, 2.47319235525466, -2.19402691712342, -0.129621485325105, -0.285767876476174, -2.67789749371126, 1.10198490677703, 3.25988638261557, 1.89998485881327, 2.90065760564176, 2.08564700389227, 3.80944393043333, 2.8951650502443, -0.92858143438918, 2.33413234142022, -0.689105938494862, 
4.30173842626679, -2.14239945044061)
CA27_N04TAF	survive_0	c(2.00993934724186, -0.00745916462491636, 2.09740188774757, 2.60747313973558, -0.962248380238671, 2.46332438204143, -1.16037323798295, 0.161896444327984, 0.582503689687189, 3.20682663072399, -2.22190939081788, 2.39212117734571, -0.40483604234408, 1.17812259500815, -1.64039864603194, -2.16044146009468, -2.54630483990026, -2.1527677297041, -0.83028265912013, -1.81896094136512, -1.95454035697678, -1.44404549182251, -2.04725563905972, -1.5235616692597, 1.78081371262682, -1.62313835196635, -1.69735692300284, 
-2.94169414876552, -0.446964123901164, -1.40320095542483, -1.13409755988288, 0.315403043715827, 0.827589805983897, -1.03604135261962, 2.94770531764155, -2.09844956822868, -1.06550290345541, -2.46196177158148, -1.80176013105393, 2.47319235525466, -2.19402691712342, -0.129621485325105, -0.285767876476174, -2.67789749371126, 1.10198490677703, 3.25988638261557, 1.89998485881327, 2.90065760564176, 2.08564700389227, 3.80944393043333, 2.8951650502443, -0.92858143438918, 2.33413234142022, -0.689105938494862, 
4.30173842626679, -2.14239945044061)
CA28_N04TAF	survive_0	c(2.00993934724186, -0.00745916462491636, 2.09740188774757, 2.60747313973558, -0.962248380238671, 2.46332438204143, -1.16037323798295, 0.161896444327984, 0.582503689687189, 3.20682663072399, -2.22190939081788, 2.39212117734571, -0.40483604234408, 1.17812259500815, -1.64039864603194, -2.16044146009468, -2.54630483990026, -2.1527677297041, -0.83028265912013, -1.81896094136512, -1.95454035697678, -1.44404549182251, -2.04725563905972, -1.5235616692597, 1.78081371262682, -1.62313835196635, -1.69735692300284, 
-2.94169414876552, -0.446964123901164, -1.40320095542483, -1.13409755988288, 0.315403043715827, 0.827589805983897, -1.03604135261962, 2.94770531764155, -2.09844956822868, -1.06550290345541, -2.46196177158148, -1.80176013105393, 2.47319235525466, -2.19402691712342, -0.129621485325105, -0.285767876476174, -2.67789749371126, 1.10198490677703, 3.25988638261557, 1.89998485881327, 2.90065760564176, 2.08564700389227, 3.80944393043333, 2.8951650502443, -0.92858143438918, 2.33413234142022, -0.689105938494862, 
4.30173842626679, -2.14239945044061)
CA29_N04TAF	survive_0	c(2.00993934724186, -0.00745916462491636, 2.09740188774757, 2.60747313973558, -0.962248380238671, 2.46332438204143, -1.16037323798295, 0.161896444327984, 0.582503689687189, 3.20682663072399, -2.22190939081788, 2.39212117734571, -0.40483604234408, 1.17812259500815, -1.64039864603194, -2.16044146009468, -2.54630483990026, -2.1527677297041, -0.83028265912013, -1.81896094136512, -1.95454035697678, -1.44404549182251, -2.04725563905972, -1.5235616692597, 1.78081371262682, -1.62313835196635, -1.69735692300284, 
-2.94169414876552, -0.446964123901164, -1.40320095542483, -1.13409755988288, 0.315403043715827, 0.827589805983897, -1.03604135261962, 2.94770531764155, -2.09844956822868, -1.06550290345541, -2.46196177158148, -1.80176013105393, 2.47319235525466, -2.19402691712342, -0.129621485325105, -0.285767876476174, -2.67789749371126, 1.10198490677703, 3.25988638261557, 1.89998485881327, 2.90065760564176, 2.08564700389227, 3.80944393043333, 2.8951650502443, -0.92858143438918, 2.33413234142022, -0.689105938494862, 
4.30173842626679, -2.14239945044061)
CA30_N04TAF	survive_1	c(2.00993934724186, -0.00745916462491636, 2.09740188774757, 2.60747313973558, -0.962248380238671, 2.46332438204143, -1.16037323798295, 0.161896444327984, 0.582503689687189, 3.20682663072399, -2.22190939081788, 2.39212117734571, -0.40483604234408, 1.17812259500815, -1.64039864603194, -2.16044146009468, -2.54630483990026, -2.1527677297041, -0.83028265912013, -1.81896094136512, -1.95454035697678, -1.44404549182251, -2.04725563905972, -1.5235616692597, 1.78081371262682, -1.62313835196635, -1.69735692300284, 
-2.94169414876552, -0.446964123901164, -1.40320095542483, -1.13409755988288, 0.315403043715827, 0.827589805983897, -1.03604135261962, 2.94770531764155, -2.09844956822868, -1.06550290345541, -2.46196177158148, -1.80176013105393, 2.47319235525466, -2.19402691712342, -0.129621485325105, -0.285767876476174, -2.67789749371126, 1.10198490677703, 3.25988638261557, 1.89998485881327, 2.90065760564176, 2.08564700389227, 3.80944393043333, 2.8951650502443, -0.92858143438918, 2.33413234142022, -0.689105938494862, 
4.30173842626679, -2.14239945044061)
AE12_N04TAF	survive_0	c(2.00993934724186, -0.00745916462491636, 2.09740188774757, 2.60747313973558, -0.962248380238671, 2.46332438204143, -1.16037323798295, 0.161896444327984, 0.582503689687189, 3.20682663072399, -2.22190939081788, 2.39212117734571, -0.40483604234408, 1.17812259500815, -1.64039864603194, -2.16044146009468, -2.54630483990026, -2.1527677297041, -0.83028265912013, -1.81896094136512, -1.95454035697678, -1.44404549182251, -2.04725563905972, -1.5235616692597, 1.78081371262682, -1.62313835196635, -1.69735692300284, 
-2.94169414876552, -0.446964123901164, -1.40320095542483, -1.13409755988288, 0.315403043715827, 0.827589805983897, -1.03604135261962, 2.94770531764155, -2.09844956822868, -1.06550290345541, -2.46196177158148, -1.80176013105393, 2.47319235525466, -2.19402691712342, -0.129621485325105, -0.285767876476174, -2.67789749371126, 1.10198490677703, 3.25988638261557, 1.89998485881327, 2.90065760564176, 2.08564700389227, 3.80944393043333, 2.8951650502443, -0.92858143438918, 2.33413234142022, -0.689105938494862, 
4.30173842626679, -2.14239945044061)
AE13_N04TAF	survive_0	c(2.00993934724186, -0.00745916462491636, 2.09740188774757, 2.60747313973558, -0.962248380238671, 2.46332438204143, -1.16037323798295, 0.161896444327984, 0.582503689687189, 3.20682663072399, -2.22190939081788, 2.39212117734571, -0.40483604234408, 1.17812259500815, -1.64039864603194, -2.16044146009468, -2.54630483990026, -2.1527677297041, -0.83028265912013, -1.81896094136512, -1.95454035697678, -1.44404549182251, -2.04725563905972, -1.5235616692597, 1.78081371262682, -1.62313835196635, -1.69735692300284, 
-2.94169414876552, -0.446964123901164, -1.40320095542483, -1.13409755988288, 0.315403043715827, 0.827589805983897, -1.03604135261962, 2.94770531764155, -2.09844956822868, -1.06550290345541, -2.46196177158148, -1.80176013105393, 2.47319235525466, -2.19402691712342, -0.129621485325105, -0.285767876476174, -2.67789749371126, 1.10198490677703, 3.25988638261557, 1.89998485881327, 2.90065760564176, 2.08564700389227, 3.80944393043333, 2.8951650502443, -0.92858143438918, 2.33413234142022, -0.689105938494862, 
4.30173842626679, -2.14239945044061)
AE14_N04TAF	survive_0	c(2.00993934724186, -0.00745916462491636, 2.09740188774757, 2.60747313973558, -0.962248380238671, 2.46332438204143, -1.16037323798295, 0.161896444327984, 0.582503689687189, 3.20682663072399, -2.22190939081788, 2.39212117734571, -0.40483604234408, 1.17812259500815, -1.64039864603194, -2.16044146009468, -2.54630483990026, -2.1527677297041, -0.83028265912013, -1.81896094136512, -1.95454035697678, -1.44404549182251, -2.04725563905972, -1.5235616692597, 1.78081371262682, -1.62313835196635, -1.69735692300284, 
-2.94169414876552, -0.446964123901164, -1.40320095542483, -1.13409755988288, 0.315403043715827, 0.827589805983897, -1.03604135261962, 2.94770531764155, -2.09844956822868, -1.06550290345541, -2.46196177158148, -1.80176013105393, 2.47319235525466, -2.19402691712342, -0.129621485325105, -0.285767876476174, -2.67789749371126, 1.10198490677703, 3.25988638261557, 1.89998485881327, 2.90065760564176, 2.08564700389227, 3.80944393043333, 2.8951650502443, -0.92858143438918, 2.33413234142022, -0.689105938494862, 
4.30173842626679, -2.14239945044061)
AE15_N04TAF	survive_0	c(2.00993934724186, -0.00745916462491636, 2.09740188774757, 2.60747313973558, -0.962248380238671, 2.46332438204143, -1.16037323798295, 0.161896444327984, 0.582503689687189, 3.20682663072399, -2.22190939081788, 2.39212117734571, -0.40483604234408, 1.17812259500815, -1.64039864603194, -2.16044146009468, -2.54630483990026, -2.1527677297041, -0.83028265912013, -1.81896094136512, -1.95454035697678, -1.44404549182251, -2.04725563905972, -1.5235616692597, 1.78081371262682, -1.62313835196635, -1.69735692300284, 
-2.94169414876552, -0.446964123901164, -1.40320095542483, -1.13409755988288, 0.315403043715827, 0.827589805983897, -1.03604135261962, 2.94770531764155, -2.09844956822868, -1.06550290345541, -2.46196177158148, -1.80176013105393, 2.47319235525466, -2.19402691712342, -0.129621485325105, -0.285767876476174, -2.67789749371126, 1.10198490677703, 3.25988638261557, 1.89998485881327, 2.90065760564176, 2.08564700389227, 3.80944393043333, 2.8951650502443, -0.92858143438918, 2.33413234142022, -0.689105938494862, 
4.30173842626679, -2.14239945044061)
AE16_N04TAF	survive_0	c(2.00993934724186, -0.00745916462491636, 2.09740188774757, 2.60747313973558, -0.962248380238671, 2.46332438204143, -1.16037323798295, 0.161896444327984, 0.582503689687189, 3.20682663072399, -2.22190939081788, 2.39212117734571, -0.40483604234408, 1.17812259500815, -1.64039864603194, -2.16044146009468, -2.54630483990026, -2.1527677297041, -0.83028265912013, -1.81896094136512, -1.95454035697678, -1.44404549182251, -2.04725563905972, -1.5235616692597, 1.78081371262682, -1.62313835196635, -1.69735692300284, 
-2.94169414876552, -0.446964123901164, -1.40320095542483, -1.13409755988288, 0.315403043715827, 0.827589805983897, -1.03604135261962, 2.94770531764155, -2.09844956822868, -1.06550290345541, -2.46196177158148, -1.80176013105393, 2.47319235525466, -2.19402691712342, -0.129621485325105, -0.285767876476174, -2.67789749371126, 1.10198490677703, 3.25988638261557, 1.89998485881327, 2.90065760564176, 2.08564700389227, 3.80944393043333, 2.8951650502443, -0.92858143438918, 2.33413234142022, -0.689105938494862, 
4.30173842626679, -2.14239945044061)
AE18_N04TAF	survive_0	c(2.00993934724186, -0.00745916462491636, 2.09740188774757, 2.60747313973558, -0.962248380238671, 2.46332438204143, -1.16037323798295, 0.161896444327984, 0.582503689687189, 3.20682663072399, -2.22190939081788, 2.39212117734571, -0.40483604234408, 1.17812259500815, -1.64039864603194, -2.16044146009468, -2.54630483990026, -2.1527677297041, -0.83028265912013, -1.81896094136512, -1.95454035697678, -1.44404549182251, -2.04725563905972, -1.5235616692597, 1.78081371262682, -1.62313835196635, -1.69735692300284, 
-2.94169414876552, -0.446964123901164, -1.40320095542483, -1.13409755988288, 0.315403043715827, 0.827589805983897, -1.03604135261962, 2.94770531764155, -2.09844956822868, -1.06550290345541, -2.46196177158148, -1.80176013105393, 2.47319235525466, -2.19402691712342, -0.129621485325105, -0.285767876476174, -2.67789749371126, 1.10198490677703, 3.25988638261557, 1.89998485881327, 2.90065760564176, 2.08564700389227, 3.80944393043333, 2.8951650502443, -0.92858143438918, 2.33413234142022, -0.689105938494862, 
4.30173842626679, -2.14239945044061)
AE19_N04TAF	survive_0	c(2.00993934724186, -0.00745916462491636, 2.09740188774757, 2.60747313973558, -0.962248380238671, 2.46332438204143, -1.16037323798295, 0.161896444327984, 0.582503689687189, 3.20682663072399, -2.22190939081788, 2.39212117734571, -0.40483604234408, 1.17812259500815, -1.64039864603194, -2.16044146009468, -2.54630483990026, -2.1527677297041, -0.83028265912013, -1.81896094136512, -1.95454035697678, -1.44404549182251, -2.04725563905972, -1.5235616692597, 1.78081371262682, -1.62313835196635, -1.69735692300284, 
-2.94169414876552, -0.446964123901164, -1.40320095542483, -1.13409755988288, 0.315403043715827, 0.827589805983897, -1.03604135261962, 2.94770531764155, -2.09844956822868, -1.06550290345541, -2.46196177158148, -1.80176013105393, 2.47319235525466, -2.19402691712342, -0.129621485325105, -0.285767876476174, -2.67789749371126, 1.10198490677703, 3.25988638261557, 1.89998485881327, 2.90065760564176, 2.08564700389227, 3.80944393043333, 2.8951650502443, -0.92858143438918, 2.33413234142022, -0.689105938494862, 
4.30173842626679, -2.14239945044061)
AE22_N04TAF	survive_1	c(2.00993934724186, -0.00745916462491636, 2.09740188774757, 2.60747313973558, -0.962248380238671, 2.46332438204143, -1.16037323798295, 0.161896444327984, 0.582503689687189, 3.20682663072399, -2.22190939081788, 2.39212117734571, -0.40483604234408, 1.17812259500815, -1.64039864603194, -2.16044146009468, -2.54630483990026, -2.1527677297041, -0.83028265912013, -1.81896094136512, -1.95454035697678, -1.44404549182251, -2.04725563905972, -1.5235616692597, 1.78081371262682, -1.62313835196635, -1.69735692300284, 
-2.94169414876552, -0.446964123901164, -1.40320095542483, -1.13409755988288, 0.315403043715827, 0.827589805983897, -1.03604135261962, 2.94770531764155, -2.09844956822868, -1.06550290345541, -2.46196177158148, -1.80176013105393, 2.47319235525466, -2.19402691712342, -0.129621485325105, -0.285767876476174, -2.67789749371126, 1.10198490677703, 3.25988638261557, 1.89998485881327, 2.90065760564176, 2.08564700389227, 3.80944393043333, 2.8951650502443, -0.92858143438918, 2.33413234142022, -0.689105938494862, 
4.30173842626679, -2.14239945044061)
AE23_N04TAF	survive_0	c(2.00993934724186, -0.00745916462491636, 2.09740188774757, 2.60747313973558, -0.962248380238671, 2.46332438204143, -1.16037323798295, 0.161896444327984, 0.582503689687189, 3.20682663072399, -2.22190939081788, 2.39212117734571, -0.40483604234408, 1.17812259500815, -1.64039864603194, -2.16044146009468, -2.54630483990026, -2.1527677297041, -0.83028265912013, -1.81896094136512, -1.95454035697678, -1.44404549182251, -2.04725563905972, -1.5235616692597, 1.78081371262682, -1.62313835196635, -1.69735692300284, 
-2.94169414876552, -0.446964123901164, -1.40320095542483, -1.13409755988288, 0.315403043715827, 0.827589805983897, -1.03604135261962, 2.94770531764155, -2.09844956822868, -1.06550290345541, -2.46196177158148, -1.80176013105393, 2.47319235525466, -2.19402691712342, -0.129621485325105, -0.285767876476174, -2.67789749371126, 1.10198490677703, 3.25988638261557, 1.89998485881327, 2.90065760564176, 2.08564700389227, 3.80944393043333, 2.8951650502443, -0.92858143438918, 2.33413234142022, -0.689105938494862, 
4.30173842626679, -2.14239945044061)
AE24_N04TAF	survive_1	c(2.00993934724186, -0.00745916462491636, 2.09740188774757, 2.60747313973558, -0.962248380238671, 2.46332438204143, -1.16037323798295, 0.161896444327984, 0.582503689687189, 3.20682663072399, -2.22190939081788, 2.39212117734571, -0.40483604234408, 1.17812259500815, -1.64039864603194, -2.16044146009468, -2.54630483990026, -2.1527677297041, -0.83028265912013, -1.81896094136512, -1.95454035697678, -1.44404549182251, -2.04725563905972, -1.5235616692597, 1.78081371262682, -1.62313835196635, -1.69735692300284, 
-2.94169414876552, -0.446964123901164, -1.40320095542483, -1.13409755988288, 0.315403043715827, 0.827589805983897, -1.03604135261962, 2.94770531764155, -2.09844956822868, -1.06550290345541, -2.46196177158148, -1.80176013105393, 2.47319235525466, -2.19402691712342, -0.129621485325105, -0.285767876476174, -2.67789749371126, 1.10198490677703, 3.25988638261557, 1.89998485881327, 2.90065760564176, 2.08564700389227, 3.80944393043333, 2.8951650502443, -0.92858143438918, 2.33413234142022, -0.689105938494862, 
4.30173842626679, -2.14239945044061)
AE25_N04TAF	survive_0	c(2.00993934724186, -0.00745916462491636, 2.09740188774757, 2.60747313973558, -0.962248380238671, 2.46332438204143, -1.16037323798295, 0.161896444327984, 0.582503689687189, 3.20682663072399, -2.22190939081788, 2.39212117734571, -0.40483604234408, 1.17812259500815, -1.64039864603194, -2.16044146009468, -2.54630483990026, -2.1527677297041, -0.83028265912013, -1.81896094136512, -1.95454035697678, -1.44404549182251, -2.04725563905972, -1.5235616692597, 1.78081371262682, -1.62313835196635, -1.69735692300284, 
-2.94169414876552, -0.446964123901164, -1.40320095542483, -1.13409755988288, 0.315403043715827, 0.827589805983897, -1.03604135261962, 2.94770531764155, -2.09844956822868, -1.06550290345541, -2.46196177158148, -1.80176013105393, 2.47319235525466, -2.19402691712342, -0.129621485325105, -0.285767876476174, -2.67789749371126, 1.10198490677703, 3.25988638261557, 1.89998485881327, 2.90065760564176, 2.08564700389227, 3.80944393043333, 2.8951650502443, -0.92858143438918, 2.33413234142022, -0.689105938494862, 
4.30173842626679, -2.14239945044061)
AE28_N04TAF	survive_0	c(2.00993934724186, -0.00745916462491636, 2.09740188774757, 2.60747313973558, -0.962248380238671, 2.46332438204143, -1.16037323798295, 0.161896444327984, 0.582503689687189, 3.20682663072399, -2.22190939081788, 2.39212117734571, -0.40483604234408, 1.17812259500815, -1.64039864603194, -2.16044146009468, -2.54630483990026, -2.1527677297041, -0.83028265912013, -1.81896094136512, -1.95454035697678, -1.44404549182251, -2.04725563905972, -1.5235616692597, 1.78081371262682, -1.62313835196635, -1.69735692300284, 
-2.94169414876552, -0.446964123901164, -1.40320095542483, -1.13409755988288, 0.315403043715827, 0.827589805983897, -1.03604135261962, 2.94770531764155, -2.09844956822868, -1.06550290345541, -2.46196177158148, -1.80176013105393, 2.47319235525466, -2.19402691712342, -0.129621485325105, -0.285767876476174, -2.67789749371126, 1.10198490677703, 3.25988638261557, 1.89998485881327, 2.90065760564176, 2.08564700389227, 3.80944393043333, 2.8951650502443, -0.92858143438918, 2.33413234142022, -0.689105938494862, 
4.30173842626679, -2.14239945044061)
AE29_N04TAF	survive_0	c(2.00993934724186, -0.00745916462491636, 2.09740188774757, 2.60747313973558, -0.962248380238671, 2.46332438204143, -1.16037323798295, 0.161896444327984, 0.582503689687189, 3.20682663072399, -2.22190939081788, 2.39212117734571, -0.40483604234408, 1.17812259500815, -1.64039864603194, -2.16044146009468, -2.54630483990026, -2.1527677297041, -0.83028265912013, -1.81896094136512, -1.95454035697678, -1.44404549182251, -2.04725563905972, -1.5235616692597, 1.78081371262682, -1.62313835196635, -1.69735692300284, 
-2.94169414876552, -0.446964123901164, -1.40320095542483, -1.13409755988288, 0.315403043715827, 0.827589805983897, -1.03604135261962, 2.94770531764155, -2.09844956822868, -1.06550290345541, -2.46196177158148, -1.80176013105393, 2.47319235525466, -2.19402691712342, -0.129621485325105, -0.285767876476174, -2.67789749371126, 1.10198490677703, 3.25988638261557, 1.89998485881327, 2.90065760564176, 2.08564700389227, 3.80944393043333, 2.8951650502443, -0.92858143438918, 2.33413234142022, -0.689105938494862, 
4.30173842626679, -2.14239945044061)
CC01_N04TAF	survive_0	c(2.00993934724186, -0.00745916462491636, 2.09740188774757, 2.60747313973558, -0.962248380238671, 2.46332438204143, -1.16037323798295, 0.161896444327984, 0.582503689687189, 3.20682663072399, -2.22190939081788, 2.39212117734571, -0.40483604234408, 1.17812259500815, -1.64039864603194, -2.16044146009468, -2.54630483990026, -2.1527677297041, -0.83028265912013, -1.81896094136512, -1.95454035697678, -1.44404549182251, -2.04725563905972, -1.5235616692597, 1.78081371262682, -1.62313835196635, -1.69735692300284, 
-2.94169414876552, -0.446964123901164, -1.40320095542483, -1.13409755988288, 0.315403043715827, 0.827589805983897, -1.03604135261962, 2.94770531764155, -2.09844956822868, -1.06550290345541, -2.46196177158148, -1.80176013105393, 2.47319235525466, -2.19402691712342, -0.129621485325105, -0.285767876476174, -2.67789749371126, 1.10198490677703, 3.25988638261557, 1.89998485881327, 2.90065760564176, 2.08564700389227, 3.80944393043333, 2.8951650502443, -0.92858143438918, 2.33413234142022, -0.689105938494862, 
4.30173842626679, -2.14239945044061)
CC10_N04TAF	survive_1	c(2.00993934724186, -0.00745916462491636, 2.09740188774757, 2.60747313973558, -0.962248380238671, 2.46332438204143, -1.16037323798295, 0.161896444327984, 0.582503689687189, 3.20682663072399, -2.22190939081788, 2.39212117734571, -0.40483604234408, 1.17812259500815, -1.64039864603194, -2.16044146009468, -2.54630483990026, -2.1527677297041, -0.83028265912013, -1.81896094136512, -1.95454035697678, -1.44404549182251, -2.04725563905972, -1.5235616692597, 1.78081371262682, -1.62313835196635, -1.69735692300284, 
-2.94169414876552, -0.446964123901164, -1.40320095542483, -1.13409755988288, 0.315403043715827, 0.827589805983897, -1.03604135261962, 2.94770531764155, -2.09844956822868, -1.06550290345541, -2.46196177158148, -1.80176013105393, 2.47319235525466, -2.19402691712342, -0.129621485325105, -0.285767876476174, -2.67789749371126, 1.10198490677703, 3.25988638261557, 1.89998485881327, 2.90065760564176, 2.08564700389227, 3.80944393043333, 2.8951650502443, -0.92858143438918, 2.33413234142022, -0.689105938494862, 
4.30173842626679, -2.14239945044061)
CC02_N04TAF	survive_0	c(2.00993934724186, -0.00745916462491636, 2.09740188774757, 2.60747313973558, -0.962248380238671, 2.46332438204143, -1.16037323798295, 0.161896444327984, 0.582503689687189, 3.20682663072399, -2.22190939081788, 2.39212117734571, -0.40483604234408, 1.17812259500815, -1.64039864603194, -2.16044146009468, -2.54630483990026, -2.1527677297041, -0.83028265912013, -1.81896094136512, -1.95454035697678, -1.44404549182251, -2.04725563905972, -1.5235616692597, 1.78081371262682, -1.62313835196635, -1.69735692300284, 
-2.94169414876552, -0.446964123901164, -1.40320095542483, -1.13409755988288, 0.315403043715827, 0.827589805983897, -1.03604135261962, 2.94770531764155, -2.09844956822868, -1.06550290345541, -2.46196177158148, -1.80176013105393, 2.47319235525466, -2.19402691712342, -0.129621485325105, -0.285767876476174, -2.67789749371126, 1.10198490677703, 3.25988638261557, 1.89998485881327, 2.90065760564176, 2.08564700389227, 3.80944393043333, 2.8951650502443, -0.92858143438918, 2.33413234142022, -0.689105938494862, 
4.30173842626679, -2.14239945044061)
CC03_N04TAF	survive_0	c(2.00993934724186, -0.00745916462491636, 2.09740188774757, 2.60747313973558, -0.962248380238671, 2.46332438204143, -1.16037323798295, 0.161896444327984, 0.582503689687189, 3.20682663072399, -2.22190939081788, 2.39212117734571, -0.40483604234408, 1.17812259500815, -1.64039864603194, -2.16044146009468, -2.54630483990026, -2.1527677297041, -0.83028265912013, -1.81896094136512, -1.95454035697678, -1.44404549182251, -2.04725563905972, -1.5235616692597, 1.78081371262682, -1.62313835196635, -1.69735692300284, 
-2.94169414876552, -0.446964123901164, -1.40320095542483, -1.13409755988288, 0.315403043715827, 0.827589805983897, -1.03604135261962, 2.94770531764155, -2.09844956822868, -1.06550290345541, -2.46196177158148, -1.80176013105393, 2.47319235525466, -2.19402691712342, -0.129621485325105, -0.285767876476174, -2.67789749371126, 1.10198490677703, 3.25988638261557, 1.89998485881327, 2.90065760564176, 2.08564700389227, 3.80944393043333, 2.8951650502443, -0.92858143438918, 2.33413234142022, -0.689105938494862, 
4.30173842626679, -2.14239945044061)
CC07_N04TAF	survive_0	c(2.00993934724186, -0.00745916462491636, 2.09740188774757, 2.60747313973558, -0.962248380238671, 2.46332438204143, -1.16037323798295, 0.161896444327984, 0.582503689687189, 3.20682663072399, -2.22190939081788, 2.39212117734571, -0.40483604234408, 1.17812259500815, -1.64039864603194, -2.16044146009468, -2.54630483990026, -2.1527677297041, -0.83028265912013, -1.81896094136512, -1.95454035697678, -1.44404549182251, -2.04725563905972, -1.5235616692597, 1.78081371262682, -1.62313835196635, -1.69735692300284, 
-2.94169414876552, -0.446964123901164, -1.40320095542483, -1.13409755988288, 0.315403043715827, 0.827589805983897, -1.03604135261962, 2.94770531764155, -2.09844956822868, -1.06550290345541, -2.46196177158148, -1.80176013105393, 2.47319235525466, -2.19402691712342, -0.129621485325105, -0.285767876476174, -2.67789749371126, 1.10198490677703, 3.25988638261557, 1.89998485881327, 2.90065760564176, 2.08564700389227, 3.80944393043333, 2.8951650502443, -0.92858143438918, 2.33413234142022, -0.689105938494862, 
4.30173842626679, -2.14239945044061)
CC09_N04TAF	survive_0	c(2.00993934724186, -0.00745916462491636, 2.09740188774757, 2.60747313973558, -0.962248380238671, 2.46332438204143, -1.16037323798295, 0.161896444327984, 0.582503689687189, 3.20682663072399, -2.22190939081788, 2.39212117734571, -0.40483604234408, 1.17812259500815, -1.64039864603194, -2.16044146009468, -2.54630483990026, -2.1527677297041, -0.83028265912013, -1.81896094136512, -1.95454035697678, -1.44404549182251, -2.04725563905972, -1.5235616692597, 1.78081371262682, -1.62313835196635, -1.69735692300284, 
-2.94169414876552, -0.446964123901164, -1.40320095542483, -1.13409755988288, 0.315403043715827, 0.827589805983897, -1.03604135261962, 2.94770531764155, -2.09844956822868, -1.06550290345541, -2.46196177158148, -1.80176013105393, 2.47319235525466, -2.19402691712342, -0.129621485325105, -0.285767876476174, -2.67789749371126, 1.10198490677703, 3.25988638261557, 1.89998485881327, 2.90065760564176, 2.08564700389227, 3.80944393043333, 2.8951650502443, -0.92858143438918, 2.33413234142022, -0.689105938494862, 
4.30173842626679, -2.14239945044061)
CA10_N04TAF	survive_1	c(2.00993934724186, -0.00745916462491636, 2.09740188774757, 2.60747313973558, -0.962248380238671, 2.46332438204143, -1.16037323798295, 0.161896444327984, 0.582503689687189, 3.20682663072399, -2.22190939081788, 2.39212117734571, -0.40483604234408, 1.17812259500815, -1.64039864603194, -2.16044146009468, -2.54630483990026, -2.1527677297041, -0.83028265912013, -1.81896094136512, -1.95454035697678, -1.44404549182251, -2.04725563905972, -1.5235616692597, 1.78081371262682, -1.62313835196635, -1.69735692300284, 
-2.94169414876552, -0.446964123901164, -1.40320095542483, -1.13409755988288, 0.315403043715827, 0.827589805983897, -1.03604135261962, 2.94770531764155, -2.09844956822868, -1.06550290345541, -2.46196177158148, -1.80176013105393, 2.47319235525466, -2.19402691712342, -0.129621485325105, -0.285767876476174, -2.67789749371126, 1.10198490677703, 3.25988638261557, 1.89998485881327, 2.90065760564176, 2.08564700389227, 3.80944393043333, 2.8951650502443, -0.92858143438918, 2.33413234142022, -0.689105938494862, 
4.30173842626679, -2.14239945044061)
CA03_N04TAF	survive_1	c(2.00993934724186, -0.00745916462491636, 2.09740188774757, 2.60747313973558, -0.962248380238671, 2.46332438204143, -1.16037323798295, 0.161896444327984, 0.582503689687189, 3.20682663072399, -2.22190939081788, 2.39212117734571, -0.40483604234408, 1.17812259500815, -1.64039864603194, -2.16044146009468, -2.54630483990026, -2.1527677297041, -0.83028265912013, -1.81896094136512, -1.95454035697678, -1.44404549182251, -2.04725563905972, -1.5235616692597, 1.78081371262682, -1.62313835196635, -1.69735692300284, 
-2.94169414876552, -0.446964123901164, -1.40320095542483, -1.13409755988288, 0.315403043715827, 0.827589805983897, -1.03604135261962, 2.94770531764155, -2.09844956822868, -1.06550290345541, -2.46196177158148, -1.80176013105393, 2.47319235525466, -2.19402691712342, -0.129621485325105, -0.285767876476174, -2.67789749371126, 1.10198490677703, 3.25988638261557, 1.89998485881327, 2.90065760564176, 2.08564700389227, 3.80944393043333, 2.8951650502443, -0.92858143438918, 2.33413234142022, -0.689105938494862, 
4.30173842626679, -2.14239945044061)
CA04_N04TAF	survive_1	c(2.00993934724186, -0.00745916462491636, 2.09740188774757, 2.60747313973558, -0.962248380238671, 2.46332438204143, -1.16037323798295, 0.161896444327984, 0.582503689687189, 3.20682663072399, -2.22190939081788, 2.39212117734571, -0.40483604234408, 1.17812259500815, -1.64039864603194, -2.16044146009468, -2.54630483990026, -2.1527677297041, -0.83028265912013, -1.81896094136512, -1.95454035697678, -1.44404549182251, -2.04725563905972, -1.5235616692597, 1.78081371262682, -1.62313835196635, -1.69735692300284, 
-2.94169414876552, -0.446964123901164, -1.40320095542483, -1.13409755988288, 0.315403043715827, 0.827589805983897, -1.03604135261962, 2.94770531764155, -2.09844956822868, -1.06550290345541, -2.46196177158148, -1.80176013105393, 2.47319235525466, -2.19402691712342, -0.129621485325105, -0.285767876476174, -2.67789749371126, 1.10198490677703, 3.25988638261557, 1.89998485881327, 2.90065760564176, 2.08564700389227, 3.80944393043333, 2.8951650502443, -0.92858143438918, 2.33413234142022, -0.689105938494862, 
4.30173842626679, -2.14239945044061)
CA06_N04TAF	survive_1	c(2.00993934724186, -0.00745916462491636, 2.09740188774757, 2.60747313973558, -0.962248380238671, 2.46332438204143, -1.16037323798295, 0.161896444327984, 0.582503689687189, 3.20682663072399, -2.22190939081788, 2.39212117734571, -0.40483604234408, 1.17812259500815, -1.64039864603194, -2.16044146009468, -2.54630483990026, -2.1527677297041, -0.83028265912013, -1.81896094136512, -1.95454035697678, -1.44404549182251, -2.04725563905972, -1.5235616692597, 1.78081371262682, -1.62313835196635, -1.69735692300284, 
-2.94169414876552, -0.446964123901164, -1.40320095542483, -1.13409755988288, 0.315403043715827, 0.827589805983897, -1.03604135261962, 2.94770531764155, -2.09844956822868, -1.06550290345541, -2.46196177158148, -1.80176013105393, 2.47319235525466, -2.19402691712342, -0.129621485325105, -0.285767876476174, -2.67789749371126, 1.10198490677703, 3.25988638261557, 1.89998485881327, 2.90065760564176, 2.08564700389227, 3.80944393043333, 2.8951650502443, -0.92858143438918, 2.33413234142022, -0.689105938494862, 
4.30173842626679, -2.14239945044061)
CA07_N04TAF	survive_1	c(2.00993934724186, -0.00745916462491636, 2.09740188774757, 2.60747313973558, -0.962248380238671, 2.46332438204143, -1.16037323798295, 0.161896444327984, 0.582503689687189, 3.20682663072399, -2.22190939081788, 2.39212117734571, -0.40483604234408, 1.17812259500815, -1.64039864603194, -2.16044146009468, -2.54630483990026, -2.1527677297041, -0.83028265912013, -1.81896094136512, -1.95454035697678, -1.44404549182251, -2.04725563905972, -1.5235616692597, 1.78081371262682, -1.62313835196635, -1.69735692300284, 
-2.94169414876552, -0.446964123901164, -1.40320095542483, -1.13409755988288, 0.315403043715827, 0.827589805983897, -1.03604135261962, 2.94770531764155, -2.09844956822868, -1.06550290345541, -2.46196177158148, -1.80176013105393, 2.47319235525466, -2.19402691712342, -0.129621485325105, -0.285767876476174, -2.67789749371126, 1.10198490677703, 3.25988638261557, 1.89998485881327, 2.90065760564176, 2.08564700389227, 3.80944393043333, 2.8951650502443, -0.92858143438918, 2.33413234142022, -0.689105938494862, 
4.30173842626679, -2.14239945044061)
CA09_N04TAF	survive_1	c(2.00993934724186, -0.00745916462491636, 2.09740188774757, 2.60747313973558, -0.962248380238671, 2.46332438204143, -1.16037323798295, 0.161896444327984, 0.582503689687189, 3.20682663072399, -2.22190939081788, 2.39212117734571, -0.40483604234408, 1.17812259500815, -1.64039864603194, -2.16044146009468, -2.54630483990026, -2.1527677297041, -0.83028265912013, -1.81896094136512, -1.95454035697678, -1.44404549182251, -2.04725563905972, -1.5235616692597, 1.78081371262682, -1.62313835196635, -1.69735692300284, 
-2.94169414876552, -0.446964123901164, -1.40320095542483, -1.13409755988288, 0.315403043715827, 0.827589805983897, -1.03604135261962, 2.94770531764155, -2.09844956822868, -1.06550290345541, -2.46196177158148, -1.80176013105393, 2.47319235525466, -2.19402691712342, -0.129621485325105, -0.285767876476174, -2.67789749371126, 1.10198490677703, 3.25988638261557, 1.89998485881327, 2.90065760564176, 2.08564700389227, 3.80944393043333, 2.8951650502443, -0.92858143438918, 2.33413234142022, -0.689105938494862, 
4.30173842626679, -2.14239945044061)
AE01_N04TAF	survive_1	c(2.00993934724186, -0.00745916462491636, 2.09740188774757, 2.60747313973558, -0.962248380238671, 2.46332438204143, -1.16037323798295, 0.161896444327984, 0.582503689687189, 3.20682663072399, -2.22190939081788, 2.39212117734571, -0.40483604234408, 1.17812259500815, -1.64039864603194, -2.16044146009468, -2.54630483990026, -2.1527677297041, -0.83028265912013, -1.81896094136512, -1.95454035697678, -1.44404549182251, -2.04725563905972, -1.5235616692597, 1.78081371262682, -1.62313835196635, -1.69735692300284, 
-2.94169414876552, -0.446964123901164, -1.40320095542483, -1.13409755988288, 0.315403043715827, 0.827589805983897, -1.03604135261962, 2.94770531764155, -2.09844956822868, -1.06550290345541, -2.46196177158148, -1.80176013105393, 2.47319235525466, -2.19402691712342, -0.129621485325105, -0.285767876476174, -2.67789749371126, 1.10198490677703, 3.25988638261557, 1.89998485881327, 2.90065760564176, 2.08564700389227, 3.80944393043333, 2.8951650502443, -0.92858143438918, 2.33413234142022, -0.689105938494862, 
4.30173842626679, -2.14239945044061)
AE10_N04TAF	survive_0	c(2.00993934724186, -0.00745916462491636, 2.09740188774757, 2.60747313973558, -0.962248380238671, 2.46332438204143, -1.16037323798295, 0.161896444327984, 0.582503689687189, 3.20682663072399, -2.22190939081788, 2.39212117734571, -0.40483604234408, 1.17812259500815, -1.64039864603194, -2.16044146009468, -2.54630483990026, -2.1527677297041, -0.83028265912013, -1.81896094136512, -1.95454035697678, -1.44404549182251, -2.04725563905972, -1.5235616692597, 1.78081371262682, -1.62313835196635, -1.69735692300284, 
-2.94169414876552, -0.446964123901164, -1.40320095542483, -1.13409755988288, 0.315403043715827, 0.827589805983897, -1.03604135261962, 2.94770531764155, -2.09844956822868, -1.06550290345541, -2.46196177158148, -1.80176013105393, 2.47319235525466, -2.19402691712342, -0.129621485325105, -0.285767876476174, -2.67789749371126, 1.10198490677703, 3.25988638261557, 1.89998485881327, 2.90065760564176, 2.08564700389227, 3.80944393043333, 2.8951650502443, -0.92858143438918, 2.33413234142022, -0.689105938494862, 
4.30173842626679, -2.14239945044061)
AE02_N04TAF	survive_1	c(2.00993934724186, -0.00745916462491636, 2.09740188774757, 2.60747313973558, -0.962248380238671, 2.46332438204143, -1.16037323798295, 0.161896444327984, 0.582503689687189, 3.20682663072399, -2.22190939081788, 2.39212117734571, -0.40483604234408, 1.17812259500815, -1.64039864603194, -2.16044146009468, -2.54630483990026, -2.1527677297041, -0.83028265912013, -1.81896094136512, -1.95454035697678, -1.44404549182251, -2.04725563905972, -1.5235616692597, 1.78081371262682, -1.62313835196635, -1.69735692300284, 
-2.94169414876552, -0.446964123901164, -1.40320095542483, -1.13409755988288, 0.315403043715827, 0.827589805983897, -1.03604135261962, 2.94770531764155, -2.09844956822868, -1.06550290345541, -2.46196177158148, -1.80176013105393, 2.47319235525466, -2.19402691712342, -0.129621485325105, -0.285767876476174, -2.67789749371126, 1.10198490677703, 3.25988638261557, 1.89998485881327, 2.90065760564176, 2.08564700389227, 3.80944393043333, 2.8951650502443, -0.92858143438918, 2.33413234142022, -0.689105938494862, 
4.30173842626679, -2.14239945044061)
AE05_N04TAF	survive_0	c(2.00993934724186, -0.00745916462491636, 2.09740188774757, 2.60747313973558, -0.962248380238671, 2.46332438204143, -1.16037323798295, 0.161896444327984, 0.582503689687189, 3.20682663072399, -2.22190939081788, 2.39212117734571, -0.40483604234408, 1.17812259500815, -1.64039864603194, -2.16044146009468, -2.54630483990026, -2.1527677297041, -0.83028265912013, -1.81896094136512, -1.95454035697678, -1.44404549182251, -2.04725563905972, -1.5235616692597, 1.78081371262682, -1.62313835196635, -1.69735692300284, 
-2.94169414876552, -0.446964123901164, -1.40320095542483, -1.13409755988288, 0.315403043715827, 0.827589805983897, -1.03604135261962, 2.94770531764155, -2.09844956822868, -1.06550290345541, -2.46196177158148, -1.80176013105393, 2.47319235525466, -2.19402691712342, -0.129621485325105, -0.285767876476174, -2.67789749371126, 1.10198490677703, 3.25988638261557, 1.89998485881327, 2.90065760564176, 2.08564700389227, 3.80944393043333, 2.8951650502443, -0.92858143438918, 2.33413234142022, -0.689105938494862, 
4.30173842626679, -2.14239945044061)
AE06_N04TAF	survive_1	c(2.00993934724186, -0.00745916462491636, 2.09740188774757, 2.60747313973558, -0.962248380238671, 2.46332438204143, -1.16037323798295, 0.161896444327984, 0.582503689687189, 3.20682663072399, -2.22190939081788, 2.39212117734571, -0.40483604234408, 1.17812259500815, -1.64039864603194, -2.16044146009468, -2.54630483990026, -2.1527677297041, -0.83028265912013, -1.81896094136512, -1.95454035697678, -1.44404549182251, -2.04725563905972, -1.5235616692597, 1.78081371262682, -1.62313835196635, -1.69735692300284, 
-2.94169414876552, -0.446964123901164, -1.40320095542483, -1.13409755988288, 0.315403043715827, 0.827589805983897, -1.03604135261962, 2.94770531764155, -2.09844956822868, -1.06550290345541, -2.46196177158148, -1.80176013105393, 2.47319235525466, -2.19402691712342, -0.129621485325105, -0.285767876476174, -2.67789749371126, 1.10198490677703, 3.25988638261557, 1.89998485881327, 2.90065760564176, 2.08564700389227, 3.80944393043333, 2.8951650502443, -0.92858143438918, 2.33413234142022, -0.689105938494862, 
4.30173842626679, -2.14239945044061)
AE08_N04TAF	survive_0	c(2.00993934724186, -0.00745916462491636, 2.09740188774757, 2.60747313973558, -0.962248380238671, 2.46332438204143, -1.16037323798295, 0.161896444327984, 0.582503689687189, 3.20682663072399, -2.22190939081788, 2.39212117734571, -0.40483604234408, 1.17812259500815, -1.64039864603194, -2.16044146009468, -2.54630483990026, -2.1527677297041, -0.83028265912013, -1.81896094136512, -1.95454035697678, -1.44404549182251, -2.04725563905972, -1.5235616692597, 1.78081371262682, -1.62313835196635, -1.69735692300284, 
-2.94169414876552, -0.446964123901164, -1.40320095542483, -1.13409755988288, 0.315403043715827, 0.827589805983897, -1.03604135261962, 2.94770531764155, -2.09844956822868, -1.06550290345541, -2.46196177158148, -1.80176013105393, 2.47319235525466, -2.19402691712342, -0.129621485325105, -0.285767876476174, -2.67789749371126, 1.10198490677703, 3.25988638261557, 1.89998485881327, 2.90065760564176, 2.08564700389227, 3.80944393043333, 2.8951650502443, -0.92858143438918, 2.33413234142022, -0.689105938494862, 
4.30173842626679, -2.14239945044061)
