ID	suv_damozo	coord
CC11_N04TAF	survive_1	c(0.60110615218447, -2.69987393593335, 2.57048404739068, 1.60866087568562, 1.72800046536255, 1.61616595785817, 0.591935744536321, -1.2630716563719, 0.315138601893612, 1.76381805597176, -2.08066881860594, 2.08166239749636, -0.902519875522696, 0.787867017945198, -0.821155379325065, -1.34297600023723, -0.157841368242444, -0.61521225512184, -0.983839652095226, -1.9169092107272, -0.629997006365996, -2.02045976339042, -0.733043694042927, -1.55412500779594, 0.893901205674065, -2.26105248981572, -1.0259016932136, 
-4.34243593753375, -0.812598630723781, -1.09122531777419, -2.85277539895808, -0.0571560676036941, 2.08366827534604, -1.2459443241829, 0.446585896767954, -1.82073087066295, -0.616633695213207, -1.51216125657099, -0.615274306775999, 1.3059498269757, -1.07533575840804, -0.110226255578363, 0.927435816240867, -0.134588685938303, 1.48726665636397, 2.02199602915863, 1.89077505610634, 1.18607431891901, 3.66756672840676, 2.05032022733415, 0.519580533696236, -0.179533846101799, 2.22668308844421, -0.363524018613665, 
2.06528149523477, 1.40086770645374)
CC13_N04TAF	survive_0	c(0.60110615218447, -2.69987393593335, 2.57048404739068, 1.60866087568562, 1.72800046536255, 1.61616595785817, 0.591935744536321, -1.2630716563719, 0.315138601893612, 1.76381805597176, -2.08066881860594, 2.08166239749636, -0.902519875522696, 0.787867017945198, -0.821155379325065, -1.34297600023723, -0.157841368242444, -0.61521225512184, -0.983839652095226, -1.9169092107272, -0.629997006365996, -2.02045976339042, -0.733043694042927, -1.55412500779594, 0.893901205674065, -2.26105248981572, -1.0259016932136, 
-4.34243593753375, -0.812598630723781, -1.09122531777419, -2.85277539895808, -0.0571560676036941, 2.08366827534604, -1.2459443241829, 0.446585896767954, -1.82073087066295, -0.616633695213207, -1.51216125657099, -0.615274306775999, 1.3059498269757, -1.07533575840804, -0.110226255578363, 0.927435816240867, -0.134588685938303, 1.48726665636397, 2.02199602915863, 1.89077505610634, 1.18607431891901, 3.66756672840676, 2.05032022733415, 0.519580533696236, -0.179533846101799, 2.22668308844421, -0.363524018613665, 
2.06528149523477, 1.40086770645374)
CC15_N04TAF	survive_1	c(0.60110615218447, -2.69987393593335, 2.57048404739068, 1.60866087568562, 1.72800046536255, 1.61616595785817, 0.591935744536321, -1.2630716563719, 0.315138601893612, 1.76381805597176, -2.08066881860594, 2.08166239749636, -0.902519875522696, 0.787867017945198, -0.821155379325065, -1.34297600023723, -0.157841368242444, -0.61521225512184, -0.983839652095226, -1.9169092107272, -0.629997006365996, -2.02045976339042, -0.733043694042927, -1.55412500779594, 0.893901205674065, -2.26105248981572, -1.0259016932136, 
-4.34243593753375, -0.812598630723781, -1.09122531777419, -2.85277539895808, -0.0571560676036941, 2.08366827534604, -1.2459443241829, 0.446585896767954, -1.82073087066295, -0.616633695213207, -1.51216125657099, -0.615274306775999, 1.3059498269757, -1.07533575840804, -0.110226255578363, 0.927435816240867, -0.134588685938303, 1.48726665636397, 2.02199602915863, 1.89077505610634, 1.18607431891901, 3.66756672840676, 2.05032022733415, 0.519580533696236, -0.179533846101799, 2.22668308844421, -0.363524018613665, 
2.06528149523477, 1.40086770645374)
CC16_N04TAF	survive_1	c(0.60110615218447, -2.69987393593335, 2.57048404739068, 1.60866087568562, 1.72800046536255, 1.61616595785817, 0.591935744536321, -1.2630716563719, 0.315138601893612, 1.76381805597176, -2.08066881860594, 2.08166239749636, -0.902519875522696, 0.787867017945198, -0.821155379325065, -1.34297600023723, -0.157841368242444, -0.61521225512184, -0.983839652095226, -1.9169092107272, -0.629997006365996, -2.02045976339042, -0.733043694042927, -1.55412500779594, 0.893901205674065, -2.26105248981572, -1.0259016932136, 
-4.34243593753375, -0.812598630723781, -1.09122531777419, -2.85277539895808, -0.0571560676036941, 2.08366827534604, -1.2459443241829, 0.446585896767954, -1.82073087066295, -0.616633695213207, -1.51216125657099, -0.615274306775999, 1.3059498269757, -1.07533575840804, -0.110226255578363, 0.927435816240867, -0.134588685938303, 1.48726665636397, 2.02199602915863, 1.89077505610634, 1.18607431891901, 3.66756672840676, 2.05032022733415, 0.519580533696236, -0.179533846101799, 2.22668308844421, -0.363524018613665, 
2.06528149523477, 1.40086770645374)
CC17_N04TAF	survive_1	c(0.60110615218447, -2.69987393593335, 2.57048404739068, 1.60866087568562, 1.72800046536255, 1.61616595785817, 0.591935744536321, -1.2630716563719, 0.315138601893612, 1.76381805597176, -2.08066881860594, 2.08166239749636, -0.902519875522696, 0.787867017945198, -0.821155379325065, -1.34297600023723, -0.157841368242444, -0.61521225512184, -0.983839652095226, -1.9169092107272, -0.629997006365996, -2.02045976339042, -0.733043694042927, -1.55412500779594, 0.893901205674065, -2.26105248981572, -1.0259016932136, 
-4.34243593753375, -0.812598630723781, -1.09122531777419, -2.85277539895808, -0.0571560676036941, 2.08366827534604, -1.2459443241829, 0.446585896767954, -1.82073087066295, -0.616633695213207, -1.51216125657099, -0.615274306775999, 1.3059498269757, -1.07533575840804, -0.110226255578363, 0.927435816240867, -0.134588685938303, 1.48726665636397, 2.02199602915863, 1.89077505610634, 1.18607431891901, 3.66756672840676, 2.05032022733415, 0.519580533696236, -0.179533846101799, 2.22668308844421, -0.363524018613665, 
2.06528149523477, 1.40086770645374)
CC20_N04TAF	survive_1	c(0.60110615218447, -2.69987393593335, 2.57048404739068, 1.60866087568562, 1.72800046536255, 1.61616595785817, 0.591935744536321, -1.2630716563719, 0.315138601893612, 1.76381805597176, -2.08066881860594, 2.08166239749636, -0.902519875522696, 0.787867017945198, -0.821155379325065, -1.34297600023723, -0.157841368242444, -0.61521225512184, -0.983839652095226, -1.9169092107272, -0.629997006365996, -2.02045976339042, -0.733043694042927, -1.55412500779594, 0.893901205674065, -2.26105248981572, -1.0259016932136, 
-4.34243593753375, -0.812598630723781, -1.09122531777419, -2.85277539895808, -0.0571560676036941, 2.08366827534604, -1.2459443241829, 0.446585896767954, -1.82073087066295, -0.616633695213207, -1.51216125657099, -0.615274306775999, 1.3059498269757, -1.07533575840804, -0.110226255578363, 0.927435816240867, -0.134588685938303, 1.48726665636397, 2.02199602915863, 1.89077505610634, 1.18607431891901, 3.66756672840676, 2.05032022733415, 0.519580533696236, -0.179533846101799, 2.22668308844421, -0.363524018613665, 
2.06528149523477, 1.40086770645374)
CC21_N04TAF	survive_0	c(0.60110615218447, -2.69987393593335, 2.57048404739068, 1.60866087568562, 1.72800046536255, 1.61616595785817, 0.591935744536321, -1.2630716563719, 0.315138601893612, 1.76381805597176, -2.08066881860594, 2.08166239749636, -0.902519875522696, 0.787867017945198, -0.821155379325065, -1.34297600023723, -0.157841368242444, -0.61521225512184, -0.983839652095226, -1.9169092107272, -0.629997006365996, -2.02045976339042, -0.733043694042927, -1.55412500779594, 0.893901205674065, -2.26105248981572, -1.0259016932136, 
-4.34243593753375, -0.812598630723781, -1.09122531777419, -2.85277539895808, -0.0571560676036941, 2.08366827534604, -1.2459443241829, 0.446585896767954, -1.82073087066295, -0.616633695213207, -1.51216125657099, -0.615274306775999, 1.3059498269757, -1.07533575840804, -0.110226255578363, 0.927435816240867, -0.134588685938303, 1.48726665636397, 2.02199602915863, 1.89077505610634, 1.18607431891901, 3.66756672840676, 2.05032022733415, 0.519580533696236, -0.179533846101799, 2.22668308844421, -0.363524018613665, 
2.06528149523477, 1.40086770645374)
CC23_N04TAF	survive_0	c(0.60110615218447, -2.69987393593335, 2.57048404739068, 1.60866087568562, 1.72800046536255, 1.61616595785817, 0.591935744536321, -1.2630716563719, 0.315138601893612, 1.76381805597176, -2.08066881860594, 2.08166239749636, -0.902519875522696, 0.787867017945198, -0.821155379325065, -1.34297600023723, -0.157841368242444, -0.61521225512184, -0.983839652095226, -1.9169092107272, -0.629997006365996, -2.02045976339042, -0.733043694042927, -1.55412500779594, 0.893901205674065, -2.26105248981572, -1.0259016932136, 
-4.34243593753375, -0.812598630723781, -1.09122531777419, -2.85277539895808, -0.0571560676036941, 2.08366827534604, -1.2459443241829, 0.446585896767954, -1.82073087066295, -0.616633695213207, -1.51216125657099, -0.615274306775999, 1.3059498269757, -1.07533575840804, -0.110226255578363, 0.927435816240867, -0.134588685938303, 1.48726665636397, 2.02199602915863, 1.89077505610634, 1.18607431891901, 3.66756672840676, 2.05032022733415, 0.519580533696236, -0.179533846101799, 2.22668308844421, -0.363524018613665, 
2.06528149523477, 1.40086770645374)
CC24_N04TAF	survive_0	c(0.60110615218447, -2.69987393593335, 2.57048404739068, 1.60866087568562, 1.72800046536255, 1.61616595785817, 0.591935744536321, -1.2630716563719, 0.315138601893612, 1.76381805597176, -2.08066881860594, 2.08166239749636, -0.902519875522696, 0.787867017945198, -0.821155379325065, -1.34297600023723, -0.157841368242444, -0.61521225512184, -0.983839652095226, -1.9169092107272, -0.629997006365996, -2.02045976339042, -0.733043694042927, -1.55412500779594, 0.893901205674065, -2.26105248981572, -1.0259016932136, 
-4.34243593753375, -0.812598630723781, -1.09122531777419, -2.85277539895808, -0.0571560676036941, 2.08366827534604, -1.2459443241829, 0.446585896767954, -1.82073087066295, -0.616633695213207, -1.51216125657099, -0.615274306775999, 1.3059498269757, -1.07533575840804, -0.110226255578363, 0.927435816240867, -0.134588685938303, 1.48726665636397, 2.02199602915863, 1.89077505610634, 1.18607431891901, 3.66756672840676, 2.05032022733415, 0.519580533696236, -0.179533846101799, 2.22668308844421, -0.363524018613665, 
2.06528149523477, 1.40086770645374)
CC26_N04TAF	survive_1	c(0.60110615218447, -2.69987393593335, 2.57048404739068, 1.60866087568562, 1.72800046536255, 1.61616595785817, 0.591935744536321, -1.2630716563719, 0.315138601893612, 1.76381805597176, -2.08066881860594, 2.08166239749636, -0.902519875522696, 0.787867017945198, -0.821155379325065, -1.34297600023723, -0.157841368242444, -0.61521225512184, -0.983839652095226, -1.9169092107272, -0.629997006365996, -2.02045976339042, -0.733043694042927, -1.55412500779594, 0.893901205674065, -2.26105248981572, -1.0259016932136, 
-4.34243593753375, -0.812598630723781, -1.09122531777419, -2.85277539895808, -0.0571560676036941, 2.08366827534604, -1.2459443241829, 0.446585896767954, -1.82073087066295, -0.616633695213207, -1.51216125657099, -0.615274306775999, 1.3059498269757, -1.07533575840804, -0.110226255578363, 0.927435816240867, -0.134588685938303, 1.48726665636397, 2.02199602915863, 1.89077505610634, 1.18607431891901, 3.66756672840676, 2.05032022733415, 0.519580533696236, -0.179533846101799, 2.22668308844421, -0.363524018613665, 
2.06528149523477, 1.40086770645374)
CC27_N04TAF	survive_0	c(0.60110615218447, -2.69987393593335, 2.57048404739068, 1.60866087568562, 1.72800046536255, 1.61616595785817, 0.591935744536321, -1.2630716563719, 0.315138601893612, 1.76381805597176, -2.08066881860594, 2.08166239749636, -0.902519875522696, 0.787867017945198, -0.821155379325065, -1.34297600023723, -0.157841368242444, -0.61521225512184, -0.983839652095226, -1.9169092107272, -0.629997006365996, -2.02045976339042, -0.733043694042927, -1.55412500779594, 0.893901205674065, -2.26105248981572, -1.0259016932136, 
-4.34243593753375, -0.812598630723781, -1.09122531777419, -2.85277539895808, -0.0571560676036941, 2.08366827534604, -1.2459443241829, 0.446585896767954, -1.82073087066295, -0.616633695213207, -1.51216125657099, -0.615274306775999, 1.3059498269757, -1.07533575840804, -0.110226255578363, 0.927435816240867, -0.134588685938303, 1.48726665636397, 2.02199602915863, 1.89077505610634, 1.18607431891901, 3.66756672840676, 2.05032022733415, 0.519580533696236, -0.179533846101799, 2.22668308844421, -0.363524018613665, 
2.06528149523477, 1.40086770645374)
CC29_N04TAF	survive_1	c(0.60110615218447, -2.69987393593335, 2.57048404739068, 1.60866087568562, 1.72800046536255, 1.61616595785817, 0.591935744536321, -1.2630716563719, 0.315138601893612, 1.76381805597176, -2.08066881860594, 2.08166239749636, -0.902519875522696, 0.787867017945198, -0.821155379325065, -1.34297600023723, -0.157841368242444, -0.61521225512184, -0.983839652095226, -1.9169092107272, -0.629997006365996, -2.02045976339042, -0.733043694042927, -1.55412500779594, 0.893901205674065, -2.26105248981572, -1.0259016932136, 
-4.34243593753375, -0.812598630723781, -1.09122531777419, -2.85277539895808, -0.0571560676036941, 2.08366827534604, -1.2459443241829, 0.446585896767954, -1.82073087066295, -0.616633695213207, -1.51216125657099, -0.615274306775999, 1.3059498269757, -1.07533575840804, -0.110226255578363, 0.927435816240867, -0.134588685938303, 1.48726665636397, 2.02199602915863, 1.89077505610634, 1.18607431891901, 3.66756672840676, 2.05032022733415, 0.519580533696236, -0.179533846101799, 2.22668308844421, -0.363524018613665, 
2.06528149523477, 1.40086770645374)
CC30_N04TAF	survive_0	c(0.60110615218447, -2.69987393593335, 2.57048404739068, 1.60866087568562, 1.72800046536255, 1.61616595785817, 0.591935744536321, -1.2630716563719, 0.315138601893612, 1.76381805597176, -2.08066881860594, 2.08166239749636, -0.902519875522696, 0.787867017945198, -0.821155379325065, -1.34297600023723, -0.157841368242444, -0.61521225512184, -0.983839652095226, -1.9169092107272, -0.629997006365996, -2.02045976339042, -0.733043694042927, -1.55412500779594, 0.893901205674065, -2.26105248981572, -1.0259016932136, 
-4.34243593753375, -0.812598630723781, -1.09122531777419, -2.85277539895808, -0.0571560676036941, 2.08366827534604, -1.2459443241829, 0.446585896767954, -1.82073087066295, -0.616633695213207, -1.51216125657099, -0.615274306775999, 1.3059498269757, -1.07533575840804, -0.110226255578363, 0.927435816240867, -0.134588685938303, 1.48726665636397, 2.02199602915863, 1.89077505610634, 1.18607431891901, 3.66756672840676, 2.05032022733415, 0.519580533696236, -0.179533846101799, 2.22668308844421, -0.363524018613665, 
2.06528149523477, 1.40086770645374)
CA11_N04TAF	survive_1	c(0.60110615218447, -2.69987393593335, 2.57048404739068, 1.60866087568562, 1.72800046536255, 1.61616595785817, 0.591935744536321, -1.2630716563719, 0.315138601893612, 1.76381805597176, -2.08066881860594, 2.08166239749636, -0.902519875522696, 0.787867017945198, -0.821155379325065, -1.34297600023723, -0.157841368242444, -0.61521225512184, -0.983839652095226, -1.9169092107272, -0.629997006365996, -2.02045976339042, -0.733043694042927, -1.55412500779594, 0.893901205674065, -2.26105248981572, -1.0259016932136, 
-4.34243593753375, -0.812598630723781, -1.09122531777419, -2.85277539895808, -0.0571560676036941, 2.08366827534604, -1.2459443241829, 0.446585896767954, -1.82073087066295, -0.616633695213207, -1.51216125657099, -0.615274306775999, 1.3059498269757, -1.07533575840804, -0.110226255578363, 0.927435816240867, -0.134588685938303, 1.48726665636397, 2.02199602915863, 1.89077505610634, 1.18607431891901, 3.66756672840676, 2.05032022733415, 0.519580533696236, -0.179533846101799, 2.22668308844421, -0.363524018613665, 
2.06528149523477, 1.40086770645374)
CA14_N04TAF	survive_0	c(0.60110615218447, -2.69987393593335, 2.57048404739068, 1.60866087568562, 1.72800046536255, 1.61616595785817, 0.591935744536321, -1.2630716563719, 0.315138601893612, 1.76381805597176, -2.08066881860594, 2.08166239749636, -0.902519875522696, 0.787867017945198, -0.821155379325065, -1.34297600023723, -0.157841368242444, -0.61521225512184, -0.983839652095226, -1.9169092107272, -0.629997006365996, -2.02045976339042, -0.733043694042927, -1.55412500779594, 0.893901205674065, -2.26105248981572, -1.0259016932136, 
-4.34243593753375, -0.812598630723781, -1.09122531777419, -2.85277539895808, -0.0571560676036941, 2.08366827534604, -1.2459443241829, 0.446585896767954, -1.82073087066295, -0.616633695213207, -1.51216125657099, -0.615274306775999, 1.3059498269757, -1.07533575840804, -0.110226255578363, 0.927435816240867, -0.134588685938303, 1.48726665636397, 2.02199602915863, 1.89077505610634, 1.18607431891901, 3.66756672840676, 2.05032022733415, 0.519580533696236, -0.179533846101799, 2.22668308844421, -0.363524018613665, 
2.06528149523477, 1.40086770645374)
CA16_N04TAF	survive_0	c(0.60110615218447, -2.69987393593335, 2.57048404739068, 1.60866087568562, 1.72800046536255, 1.61616595785817, 0.591935744536321, -1.2630716563719, 0.315138601893612, 1.76381805597176, -2.08066881860594, 2.08166239749636, -0.902519875522696, 0.787867017945198, -0.821155379325065, -1.34297600023723, -0.157841368242444, -0.61521225512184, -0.983839652095226, -1.9169092107272, -0.629997006365996, -2.02045976339042, -0.733043694042927, -1.55412500779594, 0.893901205674065, -2.26105248981572, -1.0259016932136, 
-4.34243593753375, -0.812598630723781, -1.09122531777419, -2.85277539895808, -0.0571560676036941, 2.08366827534604, -1.2459443241829, 0.446585896767954, -1.82073087066295, -0.616633695213207, -1.51216125657099, -0.615274306775999, 1.3059498269757, -1.07533575840804, -0.110226255578363, 0.927435816240867, -0.134588685938303, 1.48726665636397, 2.02199602915863, 1.89077505610634, 1.18607431891901, 3.66756672840676, 2.05032022733415, 0.519580533696236, -0.179533846101799, 2.22668308844421, -0.363524018613665, 
2.06528149523477, 1.40086770645374)
CA17_N04TAF	survive_0	c(0.60110615218447, -2.69987393593335, 2.57048404739068, 1.60866087568562, 1.72800046536255, 1.61616595785817, 0.591935744536321, -1.2630716563719, 0.315138601893612, 1.76381805597176, -2.08066881860594, 2.08166239749636, -0.902519875522696, 0.787867017945198, -0.821155379325065, -1.34297600023723, -0.157841368242444, -0.61521225512184, -0.983839652095226, -1.9169092107272, -0.629997006365996, -2.02045976339042, -0.733043694042927, -1.55412500779594, 0.893901205674065, -2.26105248981572, -1.0259016932136, 
-4.34243593753375, -0.812598630723781, -1.09122531777419, -2.85277539895808, -0.0571560676036941, 2.08366827534604, -1.2459443241829, 0.446585896767954, -1.82073087066295, -0.616633695213207, -1.51216125657099, -0.615274306775999, 1.3059498269757, -1.07533575840804, -0.110226255578363, 0.927435816240867, -0.134588685938303, 1.48726665636397, 2.02199602915863, 1.89077505610634, 1.18607431891901, 3.66756672840676, 2.05032022733415, 0.519580533696236, -0.179533846101799, 2.22668308844421, -0.363524018613665, 
2.06528149523477, 1.40086770645374)
CA19_N04TAF	survive_0	c(0.60110615218447, -2.69987393593335, 2.57048404739068, 1.60866087568562, 1.72800046536255, 1.61616595785817, 0.591935744536321, -1.2630716563719, 0.315138601893612, 1.76381805597176, -2.08066881860594, 2.08166239749636, -0.902519875522696, 0.787867017945198, -0.821155379325065, -1.34297600023723, -0.157841368242444, -0.61521225512184, -0.983839652095226, -1.9169092107272, -0.629997006365996, -2.02045976339042, -0.733043694042927, -1.55412500779594, 0.893901205674065, -2.26105248981572, -1.0259016932136, 
-4.34243593753375, -0.812598630723781, -1.09122531777419, -2.85277539895808, -0.0571560676036941, 2.08366827534604, -1.2459443241829, 0.446585896767954, -1.82073087066295, -0.616633695213207, -1.51216125657099, -0.615274306775999, 1.3059498269757, -1.07533575840804, -0.110226255578363, 0.927435816240867, -0.134588685938303, 1.48726665636397, 2.02199602915863, 1.89077505610634, 1.18607431891901, 3.66756672840676, 2.05032022733415, 0.519580533696236, -0.179533846101799, 2.22668308844421, -0.363524018613665, 
2.06528149523477, 1.40086770645374)
CA21_N04TAF	survive_0	c(0.60110615218447, -2.69987393593335, 2.57048404739068, 1.60866087568562, 1.72800046536255, 1.61616595785817, 0.591935744536321, -1.2630716563719, 0.315138601893612, 1.76381805597176, -2.08066881860594, 2.08166239749636, -0.902519875522696, 0.787867017945198, -0.821155379325065, -1.34297600023723, -0.157841368242444, -0.61521225512184, -0.983839652095226, -1.9169092107272, -0.629997006365996, -2.02045976339042, -0.733043694042927, -1.55412500779594, 0.893901205674065, -2.26105248981572, -1.0259016932136, 
-4.34243593753375, -0.812598630723781, -1.09122531777419, -2.85277539895808, -0.0571560676036941, 2.08366827534604, -1.2459443241829, 0.446585896767954, -1.82073087066295, -0.616633695213207, -1.51216125657099, -0.615274306775999, 1.3059498269757, -1.07533575840804, -0.110226255578363, 0.927435816240867, -0.134588685938303, 1.48726665636397, 2.02199602915863, 1.89077505610634, 1.18607431891901, 3.66756672840676, 2.05032022733415, 0.519580533696236, -0.179533846101799, 2.22668308844421, -0.363524018613665, 
2.06528149523477, 1.40086770645374)
CA22_N04TAF	survive_0	c(0.60110615218447, -2.69987393593335, 2.57048404739068, 1.60866087568562, 1.72800046536255, 1.61616595785817, 0.591935744536321, -1.2630716563719, 0.315138601893612, 1.76381805597176, -2.08066881860594, 2.08166239749636, -0.902519875522696, 0.787867017945198, -0.821155379325065, -1.34297600023723, -0.157841368242444, -0.61521225512184, -0.983839652095226, -1.9169092107272, -0.629997006365996, -2.02045976339042, -0.733043694042927, -1.55412500779594, 0.893901205674065, -2.26105248981572, -1.0259016932136, 
-4.34243593753375, -0.812598630723781, -1.09122531777419, -2.85277539895808, -0.0571560676036941, 2.08366827534604, -1.2459443241829, 0.446585896767954, -1.82073087066295, -0.616633695213207, -1.51216125657099, -0.615274306775999, 1.3059498269757, -1.07533575840804, -0.110226255578363, 0.927435816240867, -0.134588685938303, 1.48726665636397, 2.02199602915863, 1.89077505610634, 1.18607431891901, 3.66756672840676, 2.05032022733415, 0.519580533696236, -0.179533846101799, 2.22668308844421, -0.363524018613665, 
2.06528149523477, 1.40086770645374)
CA25_N04TAF	survive_0	c(0.60110615218447, -2.69987393593335, 2.57048404739068, 1.60866087568562, 1.72800046536255, 1.61616595785817, 0.591935744536321, -1.2630716563719, 0.315138601893612, 1.76381805597176, -2.08066881860594, 2.08166239749636, -0.902519875522696, 0.787867017945198, -0.821155379325065, -1.34297600023723, -0.157841368242444, -0.61521225512184, -0.983839652095226, -1.9169092107272, -0.629997006365996, -2.02045976339042, -0.733043694042927, -1.55412500779594, 0.893901205674065, -2.26105248981572, -1.0259016932136, 
-4.34243593753375, -0.812598630723781, -1.09122531777419, -2.85277539895808, -0.0571560676036941, 2.08366827534604, -1.2459443241829, 0.446585896767954, -1.82073087066295, -0.616633695213207, -1.51216125657099, -0.615274306775999, 1.3059498269757, -1.07533575840804, -0.110226255578363, 0.927435816240867, -0.134588685938303, 1.48726665636397, 2.02199602915863, 1.89077505610634, 1.18607431891901, 3.66756672840676, 2.05032022733415, 0.519580533696236, -0.179533846101799, 2.22668308844421, -0.363524018613665, 
2.06528149523477, 1.40086770645374)
CA27_N04TAF	survive_0	c(0.60110615218447, -2.69987393593335, 2.57048404739068, 1.60866087568562, 1.72800046536255, 1.61616595785817, 0.591935744536321, -1.2630716563719, 0.315138601893612, 1.76381805597176, -2.08066881860594, 2.08166239749636, -0.902519875522696, 0.787867017945198, -0.821155379325065, -1.34297600023723, -0.157841368242444, -0.61521225512184, -0.983839652095226, -1.9169092107272, -0.629997006365996, -2.02045976339042, -0.733043694042927, -1.55412500779594, 0.893901205674065, -2.26105248981572, -1.0259016932136, 
-4.34243593753375, -0.812598630723781, -1.09122531777419, -2.85277539895808, -0.0571560676036941, 2.08366827534604, -1.2459443241829, 0.446585896767954, -1.82073087066295, -0.616633695213207, -1.51216125657099, -0.615274306775999, 1.3059498269757, -1.07533575840804, -0.110226255578363, 0.927435816240867, -0.134588685938303, 1.48726665636397, 2.02199602915863, 1.89077505610634, 1.18607431891901, 3.66756672840676, 2.05032022733415, 0.519580533696236, -0.179533846101799, 2.22668308844421, -0.363524018613665, 
2.06528149523477, 1.40086770645374)
CA28_N04TAF	survive_0	c(0.60110615218447, -2.69987393593335, 2.57048404739068, 1.60866087568562, 1.72800046536255, 1.61616595785817, 0.591935744536321, -1.2630716563719, 0.315138601893612, 1.76381805597176, -2.08066881860594, 2.08166239749636, -0.902519875522696, 0.787867017945198, -0.821155379325065, -1.34297600023723, -0.157841368242444, -0.61521225512184, -0.983839652095226, -1.9169092107272, -0.629997006365996, -2.02045976339042, -0.733043694042927, -1.55412500779594, 0.893901205674065, -2.26105248981572, -1.0259016932136, 
-4.34243593753375, -0.812598630723781, -1.09122531777419, -2.85277539895808, -0.0571560676036941, 2.08366827534604, -1.2459443241829, 0.446585896767954, -1.82073087066295, -0.616633695213207, -1.51216125657099, -0.615274306775999, 1.3059498269757, -1.07533575840804, -0.110226255578363, 0.927435816240867, -0.134588685938303, 1.48726665636397, 2.02199602915863, 1.89077505610634, 1.18607431891901, 3.66756672840676, 2.05032022733415, 0.519580533696236, -0.179533846101799, 2.22668308844421, -0.363524018613665, 
2.06528149523477, 1.40086770645374)
CA29_N04TAF	survive_0	c(0.60110615218447, -2.69987393593335, 2.57048404739068, 1.60866087568562, 1.72800046536255, 1.61616595785817, 0.591935744536321, -1.2630716563719, 0.315138601893612, 1.76381805597176, -2.08066881860594, 2.08166239749636, -0.902519875522696, 0.787867017945198, -0.821155379325065, -1.34297600023723, -0.157841368242444, -0.61521225512184, -0.983839652095226, -1.9169092107272, -0.629997006365996, -2.02045976339042, -0.733043694042927, -1.55412500779594, 0.893901205674065, -2.26105248981572, -1.0259016932136, 
-4.34243593753375, -0.812598630723781, -1.09122531777419, -2.85277539895808, -0.0571560676036941, 2.08366827534604, -1.2459443241829, 0.446585896767954, -1.82073087066295, -0.616633695213207, -1.51216125657099, -0.615274306775999, 1.3059498269757, -1.07533575840804, -0.110226255578363, 0.927435816240867, -0.134588685938303, 1.48726665636397, 2.02199602915863, 1.89077505610634, 1.18607431891901, 3.66756672840676, 2.05032022733415, 0.519580533696236, -0.179533846101799, 2.22668308844421, -0.363524018613665, 
2.06528149523477, 1.40086770645374)
CA30_N04TAF	survive_1	c(0.60110615218447, -2.69987393593335, 2.57048404739068, 1.60866087568562, 1.72800046536255, 1.61616595785817, 0.591935744536321, -1.2630716563719, 0.315138601893612, 1.76381805597176, -2.08066881860594, 2.08166239749636, -0.902519875522696, 0.787867017945198, -0.821155379325065, -1.34297600023723, -0.157841368242444, -0.61521225512184, -0.983839652095226, -1.9169092107272, -0.629997006365996, -2.02045976339042, -0.733043694042927, -1.55412500779594, 0.893901205674065, -2.26105248981572, -1.0259016932136, 
-4.34243593753375, -0.812598630723781, -1.09122531777419, -2.85277539895808, -0.0571560676036941, 2.08366827534604, -1.2459443241829, 0.446585896767954, -1.82073087066295, -0.616633695213207, -1.51216125657099, -0.615274306775999, 1.3059498269757, -1.07533575840804, -0.110226255578363, 0.927435816240867, -0.134588685938303, 1.48726665636397, 2.02199602915863, 1.89077505610634, 1.18607431891901, 3.66756672840676, 2.05032022733415, 0.519580533696236, -0.179533846101799, 2.22668308844421, -0.363524018613665, 
2.06528149523477, 1.40086770645374)
AE12_N04TAF	survive_0	c(0.60110615218447, -2.69987393593335, 2.57048404739068, 1.60866087568562, 1.72800046536255, 1.61616595785817, 0.591935744536321, -1.2630716563719, 0.315138601893612, 1.76381805597176, -2.08066881860594, 2.08166239749636, -0.902519875522696, 0.787867017945198, -0.821155379325065, -1.34297600023723, -0.157841368242444, -0.61521225512184, -0.983839652095226, -1.9169092107272, -0.629997006365996, -2.02045976339042, -0.733043694042927, -1.55412500779594, 0.893901205674065, -2.26105248981572, -1.0259016932136, 
-4.34243593753375, -0.812598630723781, -1.09122531777419, -2.85277539895808, -0.0571560676036941, 2.08366827534604, -1.2459443241829, 0.446585896767954, -1.82073087066295, -0.616633695213207, -1.51216125657099, -0.615274306775999, 1.3059498269757, -1.07533575840804, -0.110226255578363, 0.927435816240867, -0.134588685938303, 1.48726665636397, 2.02199602915863, 1.89077505610634, 1.18607431891901, 3.66756672840676, 2.05032022733415, 0.519580533696236, -0.179533846101799, 2.22668308844421, -0.363524018613665, 
2.06528149523477, 1.40086770645374)
AE13_N04TAF	survive_0	c(0.60110615218447, -2.69987393593335, 2.57048404739068, 1.60866087568562, 1.72800046536255, 1.61616595785817, 0.591935744536321, -1.2630716563719, 0.315138601893612, 1.76381805597176, -2.08066881860594, 2.08166239749636, -0.902519875522696, 0.787867017945198, -0.821155379325065, -1.34297600023723, -0.157841368242444, -0.61521225512184, -0.983839652095226, -1.9169092107272, -0.629997006365996, -2.02045976339042, -0.733043694042927, -1.55412500779594, 0.893901205674065, -2.26105248981572, -1.0259016932136, 
-4.34243593753375, -0.812598630723781, -1.09122531777419, -2.85277539895808, -0.0571560676036941, 2.08366827534604, -1.2459443241829, 0.446585896767954, -1.82073087066295, -0.616633695213207, -1.51216125657099, -0.615274306775999, 1.3059498269757, -1.07533575840804, -0.110226255578363, 0.927435816240867, -0.134588685938303, 1.48726665636397, 2.02199602915863, 1.89077505610634, 1.18607431891901, 3.66756672840676, 2.05032022733415, 0.519580533696236, -0.179533846101799, 2.22668308844421, -0.363524018613665, 
2.06528149523477, 1.40086770645374)
AE14_N04TAF	survive_0	c(0.60110615218447, -2.69987393593335, 2.57048404739068, 1.60866087568562, 1.72800046536255, 1.61616595785817, 0.591935744536321, -1.2630716563719, 0.315138601893612, 1.76381805597176, -2.08066881860594, 2.08166239749636, -0.902519875522696, 0.787867017945198, -0.821155379325065, -1.34297600023723, -0.157841368242444, -0.61521225512184, -0.983839652095226, -1.9169092107272, -0.629997006365996, -2.02045976339042, -0.733043694042927, -1.55412500779594, 0.893901205674065, -2.26105248981572, -1.0259016932136, 
-4.34243593753375, -0.812598630723781, -1.09122531777419, -2.85277539895808, -0.0571560676036941, 2.08366827534604, -1.2459443241829, 0.446585896767954, -1.82073087066295, -0.616633695213207, -1.51216125657099, -0.615274306775999, 1.3059498269757, -1.07533575840804, -0.110226255578363, 0.927435816240867, -0.134588685938303, 1.48726665636397, 2.02199602915863, 1.89077505610634, 1.18607431891901, 3.66756672840676, 2.05032022733415, 0.519580533696236, -0.179533846101799, 2.22668308844421, -0.363524018613665, 
2.06528149523477, 1.40086770645374)
AE15_N04TAF	survive_0	c(0.60110615218447, -2.69987393593335, 2.57048404739068, 1.60866087568562, 1.72800046536255, 1.61616595785817, 0.591935744536321, -1.2630716563719, 0.315138601893612, 1.76381805597176, -2.08066881860594, 2.08166239749636, -0.902519875522696, 0.787867017945198, -0.821155379325065, -1.34297600023723, -0.157841368242444, -0.61521225512184, -0.983839652095226, -1.9169092107272, -0.629997006365996, -2.02045976339042, -0.733043694042927, -1.55412500779594, 0.893901205674065, -2.26105248981572, -1.0259016932136, 
-4.34243593753375, -0.812598630723781, -1.09122531777419, -2.85277539895808, -0.0571560676036941, 2.08366827534604, -1.2459443241829, 0.446585896767954, -1.82073087066295, -0.616633695213207, -1.51216125657099, -0.615274306775999, 1.3059498269757, -1.07533575840804, -0.110226255578363, 0.927435816240867, -0.134588685938303, 1.48726665636397, 2.02199602915863, 1.89077505610634, 1.18607431891901, 3.66756672840676, 2.05032022733415, 0.519580533696236, -0.179533846101799, 2.22668308844421, -0.363524018613665, 
2.06528149523477, 1.40086770645374)
AE16_N04TAF	survive_0	c(0.60110615218447, -2.69987393593335, 2.57048404739068, 1.60866087568562, 1.72800046536255, 1.61616595785817, 0.591935744536321, -1.2630716563719, 0.315138601893612, 1.76381805597176, -2.08066881860594, 2.08166239749636, -0.902519875522696, 0.787867017945198, -0.821155379325065, -1.34297600023723, -0.157841368242444, -0.61521225512184, -0.983839652095226, -1.9169092107272, -0.629997006365996, -2.02045976339042, -0.733043694042927, -1.55412500779594, 0.893901205674065, -2.26105248981572, -1.0259016932136, 
-4.34243593753375, -0.812598630723781, -1.09122531777419, -2.85277539895808, -0.0571560676036941, 2.08366827534604, -1.2459443241829, 0.446585896767954, -1.82073087066295, -0.616633695213207, -1.51216125657099, -0.615274306775999, 1.3059498269757, -1.07533575840804, -0.110226255578363, 0.927435816240867, -0.134588685938303, 1.48726665636397, 2.02199602915863, 1.89077505610634, 1.18607431891901, 3.66756672840676, 2.05032022733415, 0.519580533696236, -0.179533846101799, 2.22668308844421, -0.363524018613665, 
2.06528149523477, 1.40086770645374)
AE18_N04TAF	survive_0	c(0.60110615218447, -2.69987393593335, 2.57048404739068, 1.60866087568562, 1.72800046536255, 1.61616595785817, 0.591935744536321, -1.2630716563719, 0.315138601893612, 1.76381805597176, -2.08066881860594, 2.08166239749636, -0.902519875522696, 0.787867017945198, -0.821155379325065, -1.34297600023723, -0.157841368242444, -0.61521225512184, -0.983839652095226, -1.9169092107272, -0.629997006365996, -2.02045976339042, -0.733043694042927, -1.55412500779594, 0.893901205674065, -2.26105248981572, -1.0259016932136, 
-4.34243593753375, -0.812598630723781, -1.09122531777419, -2.85277539895808, -0.0571560676036941, 2.08366827534604, -1.2459443241829, 0.446585896767954, -1.82073087066295, -0.616633695213207, -1.51216125657099, -0.615274306775999, 1.3059498269757, -1.07533575840804, -0.110226255578363, 0.927435816240867, -0.134588685938303, 1.48726665636397, 2.02199602915863, 1.89077505610634, 1.18607431891901, 3.66756672840676, 2.05032022733415, 0.519580533696236, -0.179533846101799, 2.22668308844421, -0.363524018613665, 
2.06528149523477, 1.40086770645374)
AE19_N04TAF	survive_0	c(0.60110615218447, -2.69987393593335, 2.57048404739068, 1.60866087568562, 1.72800046536255, 1.61616595785817, 0.591935744536321, -1.2630716563719, 0.315138601893612, 1.76381805597176, -2.08066881860594, 2.08166239749636, -0.902519875522696, 0.787867017945198, -0.821155379325065, -1.34297600023723, -0.157841368242444, -0.61521225512184, -0.983839652095226, -1.9169092107272, -0.629997006365996, -2.02045976339042, -0.733043694042927, -1.55412500779594, 0.893901205674065, -2.26105248981572, -1.0259016932136, 
-4.34243593753375, -0.812598630723781, -1.09122531777419, -2.85277539895808, -0.0571560676036941, 2.08366827534604, -1.2459443241829, 0.446585896767954, -1.82073087066295, -0.616633695213207, -1.51216125657099, -0.615274306775999, 1.3059498269757, -1.07533575840804, -0.110226255578363, 0.927435816240867, -0.134588685938303, 1.48726665636397, 2.02199602915863, 1.89077505610634, 1.18607431891901, 3.66756672840676, 2.05032022733415, 0.519580533696236, -0.179533846101799, 2.22668308844421, -0.363524018613665, 
2.06528149523477, 1.40086770645374)
AE22_N04TAF	survive_1	c(0.60110615218447, -2.69987393593335, 2.57048404739068, 1.60866087568562, 1.72800046536255, 1.61616595785817, 0.591935744536321, -1.2630716563719, 0.315138601893612, 1.76381805597176, -2.08066881860594, 2.08166239749636, -0.902519875522696, 0.787867017945198, -0.821155379325065, -1.34297600023723, -0.157841368242444, -0.61521225512184, -0.983839652095226, -1.9169092107272, -0.629997006365996, -2.02045976339042, -0.733043694042927, -1.55412500779594, 0.893901205674065, -2.26105248981572, -1.0259016932136, 
-4.34243593753375, -0.812598630723781, -1.09122531777419, -2.85277539895808, -0.0571560676036941, 2.08366827534604, -1.2459443241829, 0.446585896767954, -1.82073087066295, -0.616633695213207, -1.51216125657099, -0.615274306775999, 1.3059498269757, -1.07533575840804, -0.110226255578363, 0.927435816240867, -0.134588685938303, 1.48726665636397, 2.02199602915863, 1.89077505610634, 1.18607431891901, 3.66756672840676, 2.05032022733415, 0.519580533696236, -0.179533846101799, 2.22668308844421, -0.363524018613665, 
2.06528149523477, 1.40086770645374)
AE23_N04TAF	survive_0	c(0.60110615218447, -2.69987393593335, 2.57048404739068, 1.60866087568562, 1.72800046536255, 1.61616595785817, 0.591935744536321, -1.2630716563719, 0.315138601893612, 1.76381805597176, -2.08066881860594, 2.08166239749636, -0.902519875522696, 0.787867017945198, -0.821155379325065, -1.34297600023723, -0.157841368242444, -0.61521225512184, -0.983839652095226, -1.9169092107272, -0.629997006365996, -2.02045976339042, -0.733043694042927, -1.55412500779594, 0.893901205674065, -2.26105248981572, -1.0259016932136, 
-4.34243593753375, -0.812598630723781, -1.09122531777419, -2.85277539895808, -0.0571560676036941, 2.08366827534604, -1.2459443241829, 0.446585896767954, -1.82073087066295, -0.616633695213207, -1.51216125657099, -0.615274306775999, 1.3059498269757, -1.07533575840804, -0.110226255578363, 0.927435816240867, -0.134588685938303, 1.48726665636397, 2.02199602915863, 1.89077505610634, 1.18607431891901, 3.66756672840676, 2.05032022733415, 0.519580533696236, -0.179533846101799, 2.22668308844421, -0.363524018613665, 
2.06528149523477, 1.40086770645374)
AE24_N04TAF	survive_1	c(0.60110615218447, -2.69987393593335, 2.57048404739068, 1.60866087568562, 1.72800046536255, 1.61616595785817, 0.591935744536321, -1.2630716563719, 0.315138601893612, 1.76381805597176, -2.08066881860594, 2.08166239749636, -0.902519875522696, 0.787867017945198, -0.821155379325065, -1.34297600023723, -0.157841368242444, -0.61521225512184, -0.983839652095226, -1.9169092107272, -0.629997006365996, -2.02045976339042, -0.733043694042927, -1.55412500779594, 0.893901205674065, -2.26105248981572, -1.0259016932136, 
-4.34243593753375, -0.812598630723781, -1.09122531777419, -2.85277539895808, -0.0571560676036941, 2.08366827534604, -1.2459443241829, 0.446585896767954, -1.82073087066295, -0.616633695213207, -1.51216125657099, -0.615274306775999, 1.3059498269757, -1.07533575840804, -0.110226255578363, 0.927435816240867, -0.134588685938303, 1.48726665636397, 2.02199602915863, 1.89077505610634, 1.18607431891901, 3.66756672840676, 2.05032022733415, 0.519580533696236, -0.179533846101799, 2.22668308844421, -0.363524018613665, 
2.06528149523477, 1.40086770645374)
AE25_N04TAF	survive_0	c(0.60110615218447, -2.69987393593335, 2.57048404739068, 1.60866087568562, 1.72800046536255, 1.61616595785817, 0.591935744536321, -1.2630716563719, 0.315138601893612, 1.76381805597176, -2.08066881860594, 2.08166239749636, -0.902519875522696, 0.787867017945198, -0.821155379325065, -1.34297600023723, -0.157841368242444, -0.61521225512184, -0.983839652095226, -1.9169092107272, -0.629997006365996, -2.02045976339042, -0.733043694042927, -1.55412500779594, 0.893901205674065, -2.26105248981572, -1.0259016932136, 
-4.34243593753375, -0.812598630723781, -1.09122531777419, -2.85277539895808, -0.0571560676036941, 2.08366827534604, -1.2459443241829, 0.446585896767954, -1.82073087066295, -0.616633695213207, -1.51216125657099, -0.615274306775999, 1.3059498269757, -1.07533575840804, -0.110226255578363, 0.927435816240867, -0.134588685938303, 1.48726665636397, 2.02199602915863, 1.89077505610634, 1.18607431891901, 3.66756672840676, 2.05032022733415, 0.519580533696236, -0.179533846101799, 2.22668308844421, -0.363524018613665, 
2.06528149523477, 1.40086770645374)
AE28_N04TAF	survive_0	c(0.60110615218447, -2.69987393593335, 2.57048404739068, 1.60866087568562, 1.72800046536255, 1.61616595785817, 0.591935744536321, -1.2630716563719, 0.315138601893612, 1.76381805597176, -2.08066881860594, 2.08166239749636, -0.902519875522696, 0.787867017945198, -0.821155379325065, -1.34297600023723, -0.157841368242444, -0.61521225512184, -0.983839652095226, -1.9169092107272, -0.629997006365996, -2.02045976339042, -0.733043694042927, -1.55412500779594, 0.893901205674065, -2.26105248981572, -1.0259016932136, 
-4.34243593753375, -0.812598630723781, -1.09122531777419, -2.85277539895808, -0.0571560676036941, 2.08366827534604, -1.2459443241829, 0.446585896767954, -1.82073087066295, -0.616633695213207, -1.51216125657099, -0.615274306775999, 1.3059498269757, -1.07533575840804, -0.110226255578363, 0.927435816240867, -0.134588685938303, 1.48726665636397, 2.02199602915863, 1.89077505610634, 1.18607431891901, 3.66756672840676, 2.05032022733415, 0.519580533696236, -0.179533846101799, 2.22668308844421, -0.363524018613665, 
2.06528149523477, 1.40086770645374)
AE29_N04TAF	survive_0	c(0.60110615218447, -2.69987393593335, 2.57048404739068, 1.60866087568562, 1.72800046536255, 1.61616595785817, 0.591935744536321, -1.2630716563719, 0.315138601893612, 1.76381805597176, -2.08066881860594, 2.08166239749636, -0.902519875522696, 0.787867017945198, -0.821155379325065, -1.34297600023723, -0.157841368242444, -0.61521225512184, -0.983839652095226, -1.9169092107272, -0.629997006365996, -2.02045976339042, -0.733043694042927, -1.55412500779594, 0.893901205674065, -2.26105248981572, -1.0259016932136, 
-4.34243593753375, -0.812598630723781, -1.09122531777419, -2.85277539895808, -0.0571560676036941, 2.08366827534604, -1.2459443241829, 0.446585896767954, -1.82073087066295, -0.616633695213207, -1.51216125657099, -0.615274306775999, 1.3059498269757, -1.07533575840804, -0.110226255578363, 0.927435816240867, -0.134588685938303, 1.48726665636397, 2.02199602915863, 1.89077505610634, 1.18607431891901, 3.66756672840676, 2.05032022733415, 0.519580533696236, -0.179533846101799, 2.22668308844421, -0.363524018613665, 
2.06528149523477, 1.40086770645374)
CC01_N04TAF	survive_0	c(0.60110615218447, -2.69987393593335, 2.57048404739068, 1.60866087568562, 1.72800046536255, 1.61616595785817, 0.591935744536321, -1.2630716563719, 0.315138601893612, 1.76381805597176, -2.08066881860594, 2.08166239749636, -0.902519875522696, 0.787867017945198, -0.821155379325065, -1.34297600023723, -0.157841368242444, -0.61521225512184, -0.983839652095226, -1.9169092107272, -0.629997006365996, -2.02045976339042, -0.733043694042927, -1.55412500779594, 0.893901205674065, -2.26105248981572, -1.0259016932136, 
-4.34243593753375, -0.812598630723781, -1.09122531777419, -2.85277539895808, -0.0571560676036941, 2.08366827534604, -1.2459443241829, 0.446585896767954, -1.82073087066295, -0.616633695213207, -1.51216125657099, -0.615274306775999, 1.3059498269757, -1.07533575840804, -0.110226255578363, 0.927435816240867, -0.134588685938303, 1.48726665636397, 2.02199602915863, 1.89077505610634, 1.18607431891901, 3.66756672840676, 2.05032022733415, 0.519580533696236, -0.179533846101799, 2.22668308844421, -0.363524018613665, 
2.06528149523477, 1.40086770645374)
CC10_N04TAF	survive_1	c(0.60110615218447, -2.69987393593335, 2.57048404739068, 1.60866087568562, 1.72800046536255, 1.61616595785817, 0.591935744536321, -1.2630716563719, 0.315138601893612, 1.76381805597176, -2.08066881860594, 2.08166239749636, -0.902519875522696, 0.787867017945198, -0.821155379325065, -1.34297600023723, -0.157841368242444, -0.61521225512184, -0.983839652095226, -1.9169092107272, -0.629997006365996, -2.02045976339042, -0.733043694042927, -1.55412500779594, 0.893901205674065, -2.26105248981572, -1.0259016932136, 
-4.34243593753375, -0.812598630723781, -1.09122531777419, -2.85277539895808, -0.0571560676036941, 2.08366827534604, -1.2459443241829, 0.446585896767954, -1.82073087066295, -0.616633695213207, -1.51216125657099, -0.615274306775999, 1.3059498269757, -1.07533575840804, -0.110226255578363, 0.927435816240867, -0.134588685938303, 1.48726665636397, 2.02199602915863, 1.89077505610634, 1.18607431891901, 3.66756672840676, 2.05032022733415, 0.519580533696236, -0.179533846101799, 2.22668308844421, -0.363524018613665, 
2.06528149523477, 1.40086770645374)
CC02_N04TAF	survive_0	c(0.60110615218447, -2.69987393593335, 2.57048404739068, 1.60866087568562, 1.72800046536255, 1.61616595785817, 0.591935744536321, -1.2630716563719, 0.315138601893612, 1.76381805597176, -2.08066881860594, 2.08166239749636, -0.902519875522696, 0.787867017945198, -0.821155379325065, -1.34297600023723, -0.157841368242444, -0.61521225512184, -0.983839652095226, -1.9169092107272, -0.629997006365996, -2.02045976339042, -0.733043694042927, -1.55412500779594, 0.893901205674065, -2.26105248981572, -1.0259016932136, 
-4.34243593753375, -0.812598630723781, -1.09122531777419, -2.85277539895808, -0.0571560676036941, 2.08366827534604, -1.2459443241829, 0.446585896767954, -1.82073087066295, -0.616633695213207, -1.51216125657099, -0.615274306775999, 1.3059498269757, -1.07533575840804, -0.110226255578363, 0.927435816240867, -0.134588685938303, 1.48726665636397, 2.02199602915863, 1.89077505610634, 1.18607431891901, 3.66756672840676, 2.05032022733415, 0.519580533696236, -0.179533846101799, 2.22668308844421, -0.363524018613665, 
2.06528149523477, 1.40086770645374)
CC03_N04TAF	survive_0	c(0.60110615218447, -2.69987393593335, 2.57048404739068, 1.60866087568562, 1.72800046536255, 1.61616595785817, 0.591935744536321, -1.2630716563719, 0.315138601893612, 1.76381805597176, -2.08066881860594, 2.08166239749636, -0.902519875522696, 0.787867017945198, -0.821155379325065, -1.34297600023723, -0.157841368242444, -0.61521225512184, -0.983839652095226, -1.9169092107272, -0.629997006365996, -2.02045976339042, -0.733043694042927, -1.55412500779594, 0.893901205674065, -2.26105248981572, -1.0259016932136, 
-4.34243593753375, -0.812598630723781, -1.09122531777419, -2.85277539895808, -0.0571560676036941, 2.08366827534604, -1.2459443241829, 0.446585896767954, -1.82073087066295, -0.616633695213207, -1.51216125657099, -0.615274306775999, 1.3059498269757, -1.07533575840804, -0.110226255578363, 0.927435816240867, -0.134588685938303, 1.48726665636397, 2.02199602915863, 1.89077505610634, 1.18607431891901, 3.66756672840676, 2.05032022733415, 0.519580533696236, -0.179533846101799, 2.22668308844421, -0.363524018613665, 
2.06528149523477, 1.40086770645374)
CC07_N04TAF	survive_0	c(0.60110615218447, -2.69987393593335, 2.57048404739068, 1.60866087568562, 1.72800046536255, 1.61616595785817, 0.591935744536321, -1.2630716563719, 0.315138601893612, 1.76381805597176, -2.08066881860594, 2.08166239749636, -0.902519875522696, 0.787867017945198, -0.821155379325065, -1.34297600023723, -0.157841368242444, -0.61521225512184, -0.983839652095226, -1.9169092107272, -0.629997006365996, -2.02045976339042, -0.733043694042927, -1.55412500779594, 0.893901205674065, -2.26105248981572, -1.0259016932136, 
-4.34243593753375, -0.812598630723781, -1.09122531777419, -2.85277539895808, -0.0571560676036941, 2.08366827534604, -1.2459443241829, 0.446585896767954, -1.82073087066295, -0.616633695213207, -1.51216125657099, -0.615274306775999, 1.3059498269757, -1.07533575840804, -0.110226255578363, 0.927435816240867, -0.134588685938303, 1.48726665636397, 2.02199602915863, 1.89077505610634, 1.18607431891901, 3.66756672840676, 2.05032022733415, 0.519580533696236, -0.179533846101799, 2.22668308844421, -0.363524018613665, 
2.06528149523477, 1.40086770645374)
CC09_N04TAF	survive_0	c(0.60110615218447, -2.69987393593335, 2.57048404739068, 1.60866087568562, 1.72800046536255, 1.61616595785817, 0.591935744536321, -1.2630716563719, 0.315138601893612, 1.76381805597176, -2.08066881860594, 2.08166239749636, -0.902519875522696, 0.787867017945198, -0.821155379325065, -1.34297600023723, -0.157841368242444, -0.61521225512184, -0.983839652095226, -1.9169092107272, -0.629997006365996, -2.02045976339042, -0.733043694042927, -1.55412500779594, 0.893901205674065, -2.26105248981572, -1.0259016932136, 
-4.34243593753375, -0.812598630723781, -1.09122531777419, -2.85277539895808, -0.0571560676036941, 2.08366827534604, -1.2459443241829, 0.446585896767954, -1.82073087066295, -0.616633695213207, -1.51216125657099, -0.615274306775999, 1.3059498269757, -1.07533575840804, -0.110226255578363, 0.927435816240867, -0.134588685938303, 1.48726665636397, 2.02199602915863, 1.89077505610634, 1.18607431891901, 3.66756672840676, 2.05032022733415, 0.519580533696236, -0.179533846101799, 2.22668308844421, -0.363524018613665, 
2.06528149523477, 1.40086770645374)
CA10_N04TAF	survive_1	c(0.60110615218447, -2.69987393593335, 2.57048404739068, 1.60866087568562, 1.72800046536255, 1.61616595785817, 0.591935744536321, -1.2630716563719, 0.315138601893612, 1.76381805597176, -2.08066881860594, 2.08166239749636, -0.902519875522696, 0.787867017945198, -0.821155379325065, -1.34297600023723, -0.157841368242444, -0.61521225512184, -0.983839652095226, -1.9169092107272, -0.629997006365996, -2.02045976339042, -0.733043694042927, -1.55412500779594, 0.893901205674065, -2.26105248981572, -1.0259016932136, 
-4.34243593753375, -0.812598630723781, -1.09122531777419, -2.85277539895808, -0.0571560676036941, 2.08366827534604, -1.2459443241829, 0.446585896767954, -1.82073087066295, -0.616633695213207, -1.51216125657099, -0.615274306775999, 1.3059498269757, -1.07533575840804, -0.110226255578363, 0.927435816240867, -0.134588685938303, 1.48726665636397, 2.02199602915863, 1.89077505610634, 1.18607431891901, 3.66756672840676, 2.05032022733415, 0.519580533696236, -0.179533846101799, 2.22668308844421, -0.363524018613665, 
2.06528149523477, 1.40086770645374)
CA03_N04TAF	survive_1	c(0.60110615218447, -2.69987393593335, 2.57048404739068, 1.60866087568562, 1.72800046536255, 1.61616595785817, 0.591935744536321, -1.2630716563719, 0.315138601893612, 1.76381805597176, -2.08066881860594, 2.08166239749636, -0.902519875522696, 0.787867017945198, -0.821155379325065, -1.34297600023723, -0.157841368242444, -0.61521225512184, -0.983839652095226, -1.9169092107272, -0.629997006365996, -2.02045976339042, -0.733043694042927, -1.55412500779594, 0.893901205674065, -2.26105248981572, -1.0259016932136, 
-4.34243593753375, -0.812598630723781, -1.09122531777419, -2.85277539895808, -0.0571560676036941, 2.08366827534604, -1.2459443241829, 0.446585896767954, -1.82073087066295, -0.616633695213207, -1.51216125657099, -0.615274306775999, 1.3059498269757, -1.07533575840804, -0.110226255578363, 0.927435816240867, -0.134588685938303, 1.48726665636397, 2.02199602915863, 1.89077505610634, 1.18607431891901, 3.66756672840676, 2.05032022733415, 0.519580533696236, -0.179533846101799, 2.22668308844421, -0.363524018613665, 
2.06528149523477, 1.40086770645374)
CA04_N04TAF	survive_1	c(0.60110615218447, -2.69987393593335, 2.57048404739068, 1.60866087568562, 1.72800046536255, 1.61616595785817, 0.591935744536321, -1.2630716563719, 0.315138601893612, 1.76381805597176, -2.08066881860594, 2.08166239749636, -0.902519875522696, 0.787867017945198, -0.821155379325065, -1.34297600023723, -0.157841368242444, -0.61521225512184, -0.983839652095226, -1.9169092107272, -0.629997006365996, -2.02045976339042, -0.733043694042927, -1.55412500779594, 0.893901205674065, -2.26105248981572, -1.0259016932136, 
-4.34243593753375, -0.812598630723781, -1.09122531777419, -2.85277539895808, -0.0571560676036941, 2.08366827534604, -1.2459443241829, 0.446585896767954, -1.82073087066295, -0.616633695213207, -1.51216125657099, -0.615274306775999, 1.3059498269757, -1.07533575840804, -0.110226255578363, 0.927435816240867, -0.134588685938303, 1.48726665636397, 2.02199602915863, 1.89077505610634, 1.18607431891901, 3.66756672840676, 2.05032022733415, 0.519580533696236, -0.179533846101799, 2.22668308844421, -0.363524018613665, 
2.06528149523477, 1.40086770645374)
CA06_N04TAF	survive_1	c(0.60110615218447, -2.69987393593335, 2.57048404739068, 1.60866087568562, 1.72800046536255, 1.61616595785817, 0.591935744536321, -1.2630716563719, 0.315138601893612, 1.76381805597176, -2.08066881860594, 2.08166239749636, -0.902519875522696, 0.787867017945198, -0.821155379325065, -1.34297600023723, -0.157841368242444, -0.61521225512184, -0.983839652095226, -1.9169092107272, -0.629997006365996, -2.02045976339042, -0.733043694042927, -1.55412500779594, 0.893901205674065, -2.26105248981572, -1.0259016932136, 
-4.34243593753375, -0.812598630723781, -1.09122531777419, -2.85277539895808, -0.0571560676036941, 2.08366827534604, -1.2459443241829, 0.446585896767954, -1.82073087066295, -0.616633695213207, -1.51216125657099, -0.615274306775999, 1.3059498269757, -1.07533575840804, -0.110226255578363, 0.927435816240867, -0.134588685938303, 1.48726665636397, 2.02199602915863, 1.89077505610634, 1.18607431891901, 3.66756672840676, 2.05032022733415, 0.519580533696236, -0.179533846101799, 2.22668308844421, -0.363524018613665, 
2.06528149523477, 1.40086770645374)
CA07_N04TAF	survive_1	c(0.60110615218447, -2.69987393593335, 2.57048404739068, 1.60866087568562, 1.72800046536255, 1.61616595785817, 0.591935744536321, -1.2630716563719, 0.315138601893612, 1.76381805597176, -2.08066881860594, 2.08166239749636, -0.902519875522696, 0.787867017945198, -0.821155379325065, -1.34297600023723, -0.157841368242444, -0.61521225512184, -0.983839652095226, -1.9169092107272, -0.629997006365996, -2.02045976339042, -0.733043694042927, -1.55412500779594, 0.893901205674065, -2.26105248981572, -1.0259016932136, 
-4.34243593753375, -0.812598630723781, -1.09122531777419, -2.85277539895808, -0.0571560676036941, 2.08366827534604, -1.2459443241829, 0.446585896767954, -1.82073087066295, -0.616633695213207, -1.51216125657099, -0.615274306775999, 1.3059498269757, -1.07533575840804, -0.110226255578363, 0.927435816240867, -0.134588685938303, 1.48726665636397, 2.02199602915863, 1.89077505610634, 1.18607431891901, 3.66756672840676, 2.05032022733415, 0.519580533696236, -0.179533846101799, 2.22668308844421, -0.363524018613665, 
2.06528149523477, 1.40086770645374)
CA09_N04TAF	survive_1	c(0.60110615218447, -2.69987393593335, 2.57048404739068, 1.60866087568562, 1.72800046536255, 1.61616595785817, 0.591935744536321, -1.2630716563719, 0.315138601893612, 1.76381805597176, -2.08066881860594, 2.08166239749636, -0.902519875522696, 0.787867017945198, -0.821155379325065, -1.34297600023723, -0.157841368242444, -0.61521225512184, -0.983839652095226, -1.9169092107272, -0.629997006365996, -2.02045976339042, -0.733043694042927, -1.55412500779594, 0.893901205674065, -2.26105248981572, -1.0259016932136, 
-4.34243593753375, -0.812598630723781, -1.09122531777419, -2.85277539895808, -0.0571560676036941, 2.08366827534604, -1.2459443241829, 0.446585896767954, -1.82073087066295, -0.616633695213207, -1.51216125657099, -0.615274306775999, 1.3059498269757, -1.07533575840804, -0.110226255578363, 0.927435816240867, -0.134588685938303, 1.48726665636397, 2.02199602915863, 1.89077505610634, 1.18607431891901, 3.66756672840676, 2.05032022733415, 0.519580533696236, -0.179533846101799, 2.22668308844421, -0.363524018613665, 
2.06528149523477, 1.40086770645374)
AE01_N04TAF	survive_1	c(0.60110615218447, -2.69987393593335, 2.57048404739068, 1.60866087568562, 1.72800046536255, 1.61616595785817, 0.591935744536321, -1.2630716563719, 0.315138601893612, 1.76381805597176, -2.08066881860594, 2.08166239749636, -0.902519875522696, 0.787867017945198, -0.821155379325065, -1.34297600023723, -0.157841368242444, -0.61521225512184, -0.983839652095226, -1.9169092107272, -0.629997006365996, -2.02045976339042, -0.733043694042927, -1.55412500779594, 0.893901205674065, -2.26105248981572, -1.0259016932136, 
-4.34243593753375, -0.812598630723781, -1.09122531777419, -2.85277539895808, -0.0571560676036941, 2.08366827534604, -1.2459443241829, 0.446585896767954, -1.82073087066295, -0.616633695213207, -1.51216125657099, -0.615274306775999, 1.3059498269757, -1.07533575840804, -0.110226255578363, 0.927435816240867, -0.134588685938303, 1.48726665636397, 2.02199602915863, 1.89077505610634, 1.18607431891901, 3.66756672840676, 2.05032022733415, 0.519580533696236, -0.179533846101799, 2.22668308844421, -0.363524018613665, 
2.06528149523477, 1.40086770645374)
AE10_N04TAF	survive_0	c(0.60110615218447, -2.69987393593335, 2.57048404739068, 1.60866087568562, 1.72800046536255, 1.61616595785817, 0.591935744536321, -1.2630716563719, 0.315138601893612, 1.76381805597176, -2.08066881860594, 2.08166239749636, -0.902519875522696, 0.787867017945198, -0.821155379325065, -1.34297600023723, -0.157841368242444, -0.61521225512184, -0.983839652095226, -1.9169092107272, -0.629997006365996, -2.02045976339042, -0.733043694042927, -1.55412500779594, 0.893901205674065, -2.26105248981572, -1.0259016932136, 
-4.34243593753375, -0.812598630723781, -1.09122531777419, -2.85277539895808, -0.0571560676036941, 2.08366827534604, -1.2459443241829, 0.446585896767954, -1.82073087066295, -0.616633695213207, -1.51216125657099, -0.615274306775999, 1.3059498269757, -1.07533575840804, -0.110226255578363, 0.927435816240867, -0.134588685938303, 1.48726665636397, 2.02199602915863, 1.89077505610634, 1.18607431891901, 3.66756672840676, 2.05032022733415, 0.519580533696236, -0.179533846101799, 2.22668308844421, -0.363524018613665, 
2.06528149523477, 1.40086770645374)
AE02_N04TAF	survive_1	c(0.60110615218447, -2.69987393593335, 2.57048404739068, 1.60866087568562, 1.72800046536255, 1.61616595785817, 0.591935744536321, -1.2630716563719, 0.315138601893612, 1.76381805597176, -2.08066881860594, 2.08166239749636, -0.902519875522696, 0.787867017945198, -0.821155379325065, -1.34297600023723, -0.157841368242444, -0.61521225512184, -0.983839652095226, -1.9169092107272, -0.629997006365996, -2.02045976339042, -0.733043694042927, -1.55412500779594, 0.893901205674065, -2.26105248981572, -1.0259016932136, 
-4.34243593753375, -0.812598630723781, -1.09122531777419, -2.85277539895808, -0.0571560676036941, 2.08366827534604, -1.2459443241829, 0.446585896767954, -1.82073087066295, -0.616633695213207, -1.51216125657099, -0.615274306775999, 1.3059498269757, -1.07533575840804, -0.110226255578363, 0.927435816240867, -0.134588685938303, 1.48726665636397, 2.02199602915863, 1.89077505610634, 1.18607431891901, 3.66756672840676, 2.05032022733415, 0.519580533696236, -0.179533846101799, 2.22668308844421, -0.363524018613665, 
2.06528149523477, 1.40086770645374)
AE05_N04TAF	survive_0	c(0.60110615218447, -2.69987393593335, 2.57048404739068, 1.60866087568562, 1.72800046536255, 1.61616595785817, 0.591935744536321, -1.2630716563719, 0.315138601893612, 1.76381805597176, -2.08066881860594, 2.08166239749636, -0.902519875522696, 0.787867017945198, -0.821155379325065, -1.34297600023723, -0.157841368242444, -0.61521225512184, -0.983839652095226, -1.9169092107272, -0.629997006365996, -2.02045976339042, -0.733043694042927, -1.55412500779594, 0.893901205674065, -2.26105248981572, -1.0259016932136, 
-4.34243593753375, -0.812598630723781, -1.09122531777419, -2.85277539895808, -0.0571560676036941, 2.08366827534604, -1.2459443241829, 0.446585896767954, -1.82073087066295, -0.616633695213207, -1.51216125657099, -0.615274306775999, 1.3059498269757, -1.07533575840804, -0.110226255578363, 0.927435816240867, -0.134588685938303, 1.48726665636397, 2.02199602915863, 1.89077505610634, 1.18607431891901, 3.66756672840676, 2.05032022733415, 0.519580533696236, -0.179533846101799, 2.22668308844421, -0.363524018613665, 
2.06528149523477, 1.40086770645374)
AE06_N04TAF	survive_1	c(0.60110615218447, -2.69987393593335, 2.57048404739068, 1.60866087568562, 1.72800046536255, 1.61616595785817, 0.591935744536321, -1.2630716563719, 0.315138601893612, 1.76381805597176, -2.08066881860594, 2.08166239749636, -0.902519875522696, 0.787867017945198, -0.821155379325065, -1.34297600023723, -0.157841368242444, -0.61521225512184, -0.983839652095226, -1.9169092107272, -0.629997006365996, -2.02045976339042, -0.733043694042927, -1.55412500779594, 0.893901205674065, -2.26105248981572, -1.0259016932136, 
-4.34243593753375, -0.812598630723781, -1.09122531777419, -2.85277539895808, -0.0571560676036941, 2.08366827534604, -1.2459443241829, 0.446585896767954, -1.82073087066295, -0.616633695213207, -1.51216125657099, -0.615274306775999, 1.3059498269757, -1.07533575840804, -0.110226255578363, 0.927435816240867, -0.134588685938303, 1.48726665636397, 2.02199602915863, 1.89077505610634, 1.18607431891901, 3.66756672840676, 2.05032022733415, 0.519580533696236, -0.179533846101799, 2.22668308844421, -0.363524018613665, 
2.06528149523477, 1.40086770645374)
AE08_N04TAF	survive_0	c(0.60110615218447, -2.69987393593335, 2.57048404739068, 1.60866087568562, 1.72800046536255, 1.61616595785817, 0.591935744536321, -1.2630716563719, 0.315138601893612, 1.76381805597176, -2.08066881860594, 2.08166239749636, -0.902519875522696, 0.787867017945198, -0.821155379325065, -1.34297600023723, -0.157841368242444, -0.61521225512184, -0.983839652095226, -1.9169092107272, -0.629997006365996, -2.02045976339042, -0.733043694042927, -1.55412500779594, 0.893901205674065, -2.26105248981572, -1.0259016932136, 
-4.34243593753375, -0.812598630723781, -1.09122531777419, -2.85277539895808, -0.0571560676036941, 2.08366827534604, -1.2459443241829, 0.446585896767954, -1.82073087066295, -0.616633695213207, -1.51216125657099, -0.615274306775999, 1.3059498269757, -1.07533575840804, -0.110226255578363, 0.927435816240867, -0.134588685938303, 1.48726665636397, 2.02199602915863, 1.89077505610634, 1.18607431891901, 3.66756672840676, 2.05032022733415, 0.519580533696236, -0.179533846101799, 2.22668308844421, -0.363524018613665, 
2.06528149523477, 1.40086770645374)
