ID	suv_damozo	coord
AE01_N04TAF	survive_1	c(1.50524247506517, 0.475964707407527, 0.696192226551991, 1.17485519812346, -0.189856305186071, -0.615343486185007, 0.687262818697947, -1.55549774895888, -0.613661508301715, -0.32635009670854, -0.859510404390147, -0.300381629473212, 0.189822460836002, -0.853747865413335, 0.00817289728329545, 0.206408888229255, -0.486021805590222, -0.121221342561618, -0.487129746294676, 0.285215348997049, 0.627098947980785, 0.863481005550919, 2.41240255527424, 0.384719538676278, 0.535684705019478, -0.616930105903225, 
0.592135368580882, 0.525030129062436, -1.88528077498985, 0.282512804419623, -1.98499993145891, 0.442671127325742, -2.02849434870773, 1.51208030053441, 0.531386681241327, -0.541251287160386, 3.01144320814597, -0.960298220269427, -1.50377435901129, -0.444696455277838, -0.621008878578756, -0.34865884320901, -1.380568619206, 0.178042206013947, -0.211346835220023, 0.00733853547905028, 1.63058298078294, -1.12790714594668, 1.65649026985629, -1.03265217864905, 0.0230361282036138, -1.68587346639539, 3.05127543260629, 
-0.16747747430215, -0.846844787951655, 0.30023670535488)
AE02_N04TAF	survive_1	c(1.50524247506517, 0.475964707407527, 0.696192226551991, 1.17485519812346, -0.189856305186071, -0.615343486185007, 0.687262818697947, -1.55549774895888, -0.613661508301715, -0.32635009670854, -0.859510404390147, -0.300381629473212, 0.189822460836002, -0.853747865413335, 0.00817289728329545, 0.206408888229255, -0.486021805590222, -0.121221342561618, -0.487129746294676, 0.285215348997049, 0.627098947980785, 0.863481005550919, 2.41240255527424, 0.384719538676278, 0.535684705019478, -0.616930105903225, 
0.592135368580882, 0.525030129062436, -1.88528077498985, 0.282512804419623, -1.98499993145891, 0.442671127325742, -2.02849434870773, 1.51208030053441, 0.531386681241327, -0.541251287160386, 3.01144320814597, -0.960298220269427, -1.50377435901129, -0.444696455277838, -0.621008878578756, -0.34865884320901, -1.380568619206, 0.178042206013947, -0.211346835220023, 0.00733853547905028, 1.63058298078294, -1.12790714594668, 1.65649026985629, -1.03265217864905, 0.0230361282036138, -1.68587346639539, 3.05127543260629, 
-0.16747747430215, -0.846844787951655, 0.30023670535488)
AE05_N04TAF	survive_0	c(1.50524247506517, 0.475964707407527, 0.696192226551991, 1.17485519812346, -0.189856305186071, -0.615343486185007, 0.687262818697947, -1.55549774895888, -0.613661508301715, -0.32635009670854, -0.859510404390147, -0.300381629473212, 0.189822460836002, -0.853747865413335, 0.00817289728329545, 0.206408888229255, -0.486021805590222, -0.121221342561618, -0.487129746294676, 0.285215348997049, 0.627098947980785, 0.863481005550919, 2.41240255527424, 0.384719538676278, 0.535684705019478, -0.616930105903225, 
0.592135368580882, 0.525030129062436, -1.88528077498985, 0.282512804419623, -1.98499993145891, 0.442671127325742, -2.02849434870773, 1.51208030053441, 0.531386681241327, -0.541251287160386, 3.01144320814597, -0.960298220269427, -1.50377435901129, -0.444696455277838, -0.621008878578756, -0.34865884320901, -1.380568619206, 0.178042206013947, -0.211346835220023, 0.00733853547905028, 1.63058298078294, -1.12790714594668, 1.65649026985629, -1.03265217864905, 0.0230361282036138, -1.68587346639539, 3.05127543260629, 
-0.16747747430215, -0.846844787951655, 0.30023670535488)
AE06_N04TAF	survive_1	c(1.50524247506517, 0.475964707407527, 0.696192226551991, 1.17485519812346, -0.189856305186071, -0.615343486185007, 0.687262818697947, -1.55549774895888, -0.613661508301715, -0.32635009670854, -0.859510404390147, -0.300381629473212, 0.189822460836002, -0.853747865413335, 0.00817289728329545, 0.206408888229255, -0.486021805590222, -0.121221342561618, -0.487129746294676, 0.285215348997049, 0.627098947980785, 0.863481005550919, 2.41240255527424, 0.384719538676278, 0.535684705019478, -0.616930105903225, 
0.592135368580882, 0.525030129062436, -1.88528077498985, 0.282512804419623, -1.98499993145891, 0.442671127325742, -2.02849434870773, 1.51208030053441, 0.531386681241327, -0.541251287160386, 3.01144320814597, -0.960298220269427, -1.50377435901129, -0.444696455277838, -0.621008878578756, -0.34865884320901, -1.380568619206, 0.178042206013947, -0.211346835220023, 0.00733853547905028, 1.63058298078294, -1.12790714594668, 1.65649026985629, -1.03265217864905, 0.0230361282036138, -1.68587346639539, 3.05127543260629, 
-0.16747747430215, -0.846844787951655, 0.30023670535488)
AE08_N04TAF	survive_0	c(1.50524247506517, 0.475964707407527, 0.696192226551991, 1.17485519812346, -0.189856305186071, -0.615343486185007, 0.687262818697947, -1.55549774895888, -0.613661508301715, -0.32635009670854, -0.859510404390147, -0.300381629473212, 0.189822460836002, -0.853747865413335, 0.00817289728329545, 0.206408888229255, -0.486021805590222, -0.121221342561618, -0.487129746294676, 0.285215348997049, 0.627098947980785, 0.863481005550919, 2.41240255527424, 0.384719538676278, 0.535684705019478, -0.616930105903225, 
0.592135368580882, 0.525030129062436, -1.88528077498985, 0.282512804419623, -1.98499993145891, 0.442671127325742, -2.02849434870773, 1.51208030053441, 0.531386681241327, -0.541251287160386, 3.01144320814597, -0.960298220269427, -1.50377435901129, -0.444696455277838, -0.621008878578756, -0.34865884320901, -1.380568619206, 0.178042206013947, -0.211346835220023, 0.00733853547905028, 1.63058298078294, -1.12790714594668, 1.65649026985629, -1.03265217864905, 0.0230361282036138, -1.68587346639539, 3.05127543260629, 
-0.16747747430215, -0.846844787951655, 0.30023670535488)
AE10_N04TAF	survive_0	c(1.50524247506517, 0.475964707407527, 0.696192226551991, 1.17485519812346, -0.189856305186071, -0.615343486185007, 0.687262818697947, -1.55549774895888, -0.613661508301715, -0.32635009670854, -0.859510404390147, -0.300381629473212, 0.189822460836002, -0.853747865413335, 0.00817289728329545, 0.206408888229255, -0.486021805590222, -0.121221342561618, -0.487129746294676, 0.285215348997049, 0.627098947980785, 0.863481005550919, 2.41240255527424, 0.384719538676278, 0.535684705019478, -0.616930105903225, 
0.592135368580882, 0.525030129062436, -1.88528077498985, 0.282512804419623, -1.98499993145891, 0.442671127325742, -2.02849434870773, 1.51208030053441, 0.531386681241327, -0.541251287160386, 3.01144320814597, -0.960298220269427, -1.50377435901129, -0.444696455277838, -0.621008878578756, -0.34865884320901, -1.380568619206, 0.178042206013947, -0.211346835220023, 0.00733853547905028, 1.63058298078294, -1.12790714594668, 1.65649026985629, -1.03265217864905, 0.0230361282036138, -1.68587346639539, 3.05127543260629, 
-0.16747747430215, -0.846844787951655, 0.30023670535488)
AE12_N04TAF	survive_0	c(1.50524247506517, 0.475964707407527, 0.696192226551991, 1.17485519812346, -0.189856305186071, -0.615343486185007, 0.687262818697947, -1.55549774895888, -0.613661508301715, -0.32635009670854, -0.859510404390147, -0.300381629473212, 0.189822460836002, -0.853747865413335, 0.00817289728329545, 0.206408888229255, -0.486021805590222, -0.121221342561618, -0.487129746294676, 0.285215348997049, 0.627098947980785, 0.863481005550919, 2.41240255527424, 0.384719538676278, 0.535684705019478, -0.616930105903225, 
0.592135368580882, 0.525030129062436, -1.88528077498985, 0.282512804419623, -1.98499993145891, 0.442671127325742, -2.02849434870773, 1.51208030053441, 0.531386681241327, -0.541251287160386, 3.01144320814597, -0.960298220269427, -1.50377435901129, -0.444696455277838, -0.621008878578756, -0.34865884320901, -1.380568619206, 0.178042206013947, -0.211346835220023, 0.00733853547905028, 1.63058298078294, -1.12790714594668, 1.65649026985629, -1.03265217864905, 0.0230361282036138, -1.68587346639539, 3.05127543260629, 
-0.16747747430215, -0.846844787951655, 0.30023670535488)
AE13_N04TAF	survive_0	c(1.50524247506517, 0.475964707407527, 0.696192226551991, 1.17485519812346, -0.189856305186071, -0.615343486185007, 0.687262818697947, -1.55549774895888, -0.613661508301715, -0.32635009670854, -0.859510404390147, -0.300381629473212, 0.189822460836002, -0.853747865413335, 0.00817289728329545, 0.206408888229255, -0.486021805590222, -0.121221342561618, -0.487129746294676, 0.285215348997049, 0.627098947980785, 0.863481005550919, 2.41240255527424, 0.384719538676278, 0.535684705019478, -0.616930105903225, 
0.592135368580882, 0.525030129062436, -1.88528077498985, 0.282512804419623, -1.98499993145891, 0.442671127325742, -2.02849434870773, 1.51208030053441, 0.531386681241327, -0.541251287160386, 3.01144320814597, -0.960298220269427, -1.50377435901129, -0.444696455277838, -0.621008878578756, -0.34865884320901, -1.380568619206, 0.178042206013947, -0.211346835220023, 0.00733853547905028, 1.63058298078294, -1.12790714594668, 1.65649026985629, -1.03265217864905, 0.0230361282036138, -1.68587346639539, 3.05127543260629, 
-0.16747747430215, -0.846844787951655, 0.30023670535488)
AE14_N04TAF	survive_0	c(1.50524247506517, 0.475964707407527, 0.696192226551991, 1.17485519812346, -0.189856305186071, -0.615343486185007, 0.687262818697947, -1.55549774895888, -0.613661508301715, -0.32635009670854, -0.859510404390147, -0.300381629473212, 0.189822460836002, -0.853747865413335, 0.00817289728329545, 0.206408888229255, -0.486021805590222, -0.121221342561618, -0.487129746294676, 0.285215348997049, 0.627098947980785, 0.863481005550919, 2.41240255527424, 0.384719538676278, 0.535684705019478, -0.616930105903225, 
0.592135368580882, 0.525030129062436, -1.88528077498985, 0.282512804419623, -1.98499993145891, 0.442671127325742, -2.02849434870773, 1.51208030053441, 0.531386681241327, -0.541251287160386, 3.01144320814597, -0.960298220269427, -1.50377435901129, -0.444696455277838, -0.621008878578756, -0.34865884320901, -1.380568619206, 0.178042206013947, -0.211346835220023, 0.00733853547905028, 1.63058298078294, -1.12790714594668, 1.65649026985629, -1.03265217864905, 0.0230361282036138, -1.68587346639539, 3.05127543260629, 
-0.16747747430215, -0.846844787951655, 0.30023670535488)
AE15_N04TAF	survive_0	c(1.50524247506517, 0.475964707407527, 0.696192226551991, 1.17485519812346, -0.189856305186071, -0.615343486185007, 0.687262818697947, -1.55549774895888, -0.613661508301715, -0.32635009670854, -0.859510404390147, -0.300381629473212, 0.189822460836002, -0.853747865413335, 0.00817289728329545, 0.206408888229255, -0.486021805590222, -0.121221342561618, -0.487129746294676, 0.285215348997049, 0.627098947980785, 0.863481005550919, 2.41240255527424, 0.384719538676278, 0.535684705019478, -0.616930105903225, 
0.592135368580882, 0.525030129062436, -1.88528077498985, 0.282512804419623, -1.98499993145891, 0.442671127325742, -2.02849434870773, 1.51208030053441, 0.531386681241327, -0.541251287160386, 3.01144320814597, -0.960298220269427, -1.50377435901129, -0.444696455277838, -0.621008878578756, -0.34865884320901, -1.380568619206, 0.178042206013947, -0.211346835220023, 0.00733853547905028, 1.63058298078294, -1.12790714594668, 1.65649026985629, -1.03265217864905, 0.0230361282036138, -1.68587346639539, 3.05127543260629, 
-0.16747747430215, -0.846844787951655, 0.30023670535488)
AE16_N04TAF	survive_0	c(1.50524247506517, 0.475964707407527, 0.696192226551991, 1.17485519812346, -0.189856305186071, -0.615343486185007, 0.687262818697947, -1.55549774895888, -0.613661508301715, -0.32635009670854, -0.859510404390147, -0.300381629473212, 0.189822460836002, -0.853747865413335, 0.00817289728329545, 0.206408888229255, -0.486021805590222, -0.121221342561618, -0.487129746294676, 0.285215348997049, 0.627098947980785, 0.863481005550919, 2.41240255527424, 0.384719538676278, 0.535684705019478, -0.616930105903225, 
0.592135368580882, 0.525030129062436, -1.88528077498985, 0.282512804419623, -1.98499993145891, 0.442671127325742, -2.02849434870773, 1.51208030053441, 0.531386681241327, -0.541251287160386, 3.01144320814597, -0.960298220269427, -1.50377435901129, -0.444696455277838, -0.621008878578756, -0.34865884320901, -1.380568619206, 0.178042206013947, -0.211346835220023, 0.00733853547905028, 1.63058298078294, -1.12790714594668, 1.65649026985629, -1.03265217864905, 0.0230361282036138, -1.68587346639539, 3.05127543260629, 
-0.16747747430215, -0.846844787951655, 0.30023670535488)
AE18_N04TAF	survive_0	c(1.50524247506517, 0.475964707407527, 0.696192226551991, 1.17485519812346, -0.189856305186071, -0.615343486185007, 0.687262818697947, -1.55549774895888, -0.613661508301715, -0.32635009670854, -0.859510404390147, -0.300381629473212, 0.189822460836002, -0.853747865413335, 0.00817289728329545, 0.206408888229255, -0.486021805590222, -0.121221342561618, -0.487129746294676, 0.285215348997049, 0.627098947980785, 0.863481005550919, 2.41240255527424, 0.384719538676278, 0.535684705019478, -0.616930105903225, 
0.592135368580882, 0.525030129062436, -1.88528077498985, 0.282512804419623, -1.98499993145891, 0.442671127325742, -2.02849434870773, 1.51208030053441, 0.531386681241327, -0.541251287160386, 3.01144320814597, -0.960298220269427, -1.50377435901129, -0.444696455277838, -0.621008878578756, -0.34865884320901, -1.380568619206, 0.178042206013947, -0.211346835220023, 0.00733853547905028, 1.63058298078294, -1.12790714594668, 1.65649026985629, -1.03265217864905, 0.0230361282036138, -1.68587346639539, 3.05127543260629, 
-0.16747747430215, -0.846844787951655, 0.30023670535488)
AE19_N04TAF	survive_0	c(1.50524247506517, 0.475964707407527, 0.696192226551991, 1.17485519812346, -0.189856305186071, -0.615343486185007, 0.687262818697947, -1.55549774895888, -0.613661508301715, -0.32635009670854, -0.859510404390147, -0.300381629473212, 0.189822460836002, -0.853747865413335, 0.00817289728329545, 0.206408888229255, -0.486021805590222, -0.121221342561618, -0.487129746294676, 0.285215348997049, 0.627098947980785, 0.863481005550919, 2.41240255527424, 0.384719538676278, 0.535684705019478, -0.616930105903225, 
0.592135368580882, 0.525030129062436, -1.88528077498985, 0.282512804419623, -1.98499993145891, 0.442671127325742, -2.02849434870773, 1.51208030053441, 0.531386681241327, -0.541251287160386, 3.01144320814597, -0.960298220269427, -1.50377435901129, -0.444696455277838, -0.621008878578756, -0.34865884320901, -1.380568619206, 0.178042206013947, -0.211346835220023, 0.00733853547905028, 1.63058298078294, -1.12790714594668, 1.65649026985629, -1.03265217864905, 0.0230361282036138, -1.68587346639539, 3.05127543260629, 
-0.16747747430215, -0.846844787951655, 0.30023670535488)
AE23_N04TAF	survive_0	c(1.50524247506517, 0.475964707407527, 0.696192226551991, 1.17485519812346, -0.189856305186071, -0.615343486185007, 0.687262818697947, -1.55549774895888, -0.613661508301715, -0.32635009670854, -0.859510404390147, -0.300381629473212, 0.189822460836002, -0.853747865413335, 0.00817289728329545, 0.206408888229255, -0.486021805590222, -0.121221342561618, -0.487129746294676, 0.285215348997049, 0.627098947980785, 0.863481005550919, 2.41240255527424, 0.384719538676278, 0.535684705019478, -0.616930105903225, 
0.592135368580882, 0.525030129062436, -1.88528077498985, 0.282512804419623, -1.98499993145891, 0.442671127325742, -2.02849434870773, 1.51208030053441, 0.531386681241327, -0.541251287160386, 3.01144320814597, -0.960298220269427, -1.50377435901129, -0.444696455277838, -0.621008878578756, -0.34865884320901, -1.380568619206, 0.178042206013947, -0.211346835220023, 0.00733853547905028, 1.63058298078294, -1.12790714594668, 1.65649026985629, -1.03265217864905, 0.0230361282036138, -1.68587346639539, 3.05127543260629, 
-0.16747747430215, -0.846844787951655, 0.30023670535488)
AE24_N04TAF	survive_1	c(1.50524247506517, 0.475964707407527, 0.696192226551991, 1.17485519812346, -0.189856305186071, -0.615343486185007, 0.687262818697947, -1.55549774895888, -0.613661508301715, -0.32635009670854, -0.859510404390147, -0.300381629473212, 0.189822460836002, -0.853747865413335, 0.00817289728329545, 0.206408888229255, -0.486021805590222, -0.121221342561618, -0.487129746294676, 0.285215348997049, 0.627098947980785, 0.863481005550919, 2.41240255527424, 0.384719538676278, 0.535684705019478, -0.616930105903225, 
0.592135368580882, 0.525030129062436, -1.88528077498985, 0.282512804419623, -1.98499993145891, 0.442671127325742, -2.02849434870773, 1.51208030053441, 0.531386681241327, -0.541251287160386, 3.01144320814597, -0.960298220269427, -1.50377435901129, -0.444696455277838, -0.621008878578756, -0.34865884320901, -1.380568619206, 0.178042206013947, -0.211346835220023, 0.00733853547905028, 1.63058298078294, -1.12790714594668, 1.65649026985629, -1.03265217864905, 0.0230361282036138, -1.68587346639539, 3.05127543260629, 
-0.16747747430215, -0.846844787951655, 0.30023670535488)
AE25_N04TAF	survive_0	c(1.50524247506517, 0.475964707407527, 0.696192226551991, 1.17485519812346, -0.189856305186071, -0.615343486185007, 0.687262818697947, -1.55549774895888, -0.613661508301715, -0.32635009670854, -0.859510404390147, -0.300381629473212, 0.189822460836002, -0.853747865413335, 0.00817289728329545, 0.206408888229255, -0.486021805590222, -0.121221342561618, -0.487129746294676, 0.285215348997049, 0.627098947980785, 0.863481005550919, 2.41240255527424, 0.384719538676278, 0.535684705019478, -0.616930105903225, 
0.592135368580882, 0.525030129062436, -1.88528077498985, 0.282512804419623, -1.98499993145891, 0.442671127325742, -2.02849434870773, 1.51208030053441, 0.531386681241327, -0.541251287160386, 3.01144320814597, -0.960298220269427, -1.50377435901129, -0.444696455277838, -0.621008878578756, -0.34865884320901, -1.380568619206, 0.178042206013947, -0.211346835220023, 0.00733853547905028, 1.63058298078294, -1.12790714594668, 1.65649026985629, -1.03265217864905, 0.0230361282036138, -1.68587346639539, 3.05127543260629, 
-0.16747747430215, -0.846844787951655, 0.30023670535488)
AE28_N04TAF	survive_0	c(1.50524247506517, 0.475964707407527, 0.696192226551991, 1.17485519812346, -0.189856305186071, -0.615343486185007, 0.687262818697947, -1.55549774895888, -0.613661508301715, -0.32635009670854, -0.859510404390147, -0.300381629473212, 0.189822460836002, -0.853747865413335, 0.00817289728329545, 0.206408888229255, -0.486021805590222, -0.121221342561618, -0.487129746294676, 0.285215348997049, 0.627098947980785, 0.863481005550919, 2.41240255527424, 0.384719538676278, 0.535684705019478, -0.616930105903225, 
0.592135368580882, 0.525030129062436, -1.88528077498985, 0.282512804419623, -1.98499993145891, 0.442671127325742, -2.02849434870773, 1.51208030053441, 0.531386681241327, -0.541251287160386, 3.01144320814597, -0.960298220269427, -1.50377435901129, -0.444696455277838, -0.621008878578756, -0.34865884320901, -1.380568619206, 0.178042206013947, -0.211346835220023, 0.00733853547905028, 1.63058298078294, -1.12790714594668, 1.65649026985629, -1.03265217864905, 0.0230361282036138, -1.68587346639539, 3.05127543260629, 
-0.16747747430215, -0.846844787951655, 0.30023670535488)
AE29_N04TAF	survive_0	c(1.50524247506517, 0.475964707407527, 0.696192226551991, 1.17485519812346, -0.189856305186071, -0.615343486185007, 0.687262818697947, -1.55549774895888, -0.613661508301715, -0.32635009670854, -0.859510404390147, -0.300381629473212, 0.189822460836002, -0.853747865413335, 0.00817289728329545, 0.206408888229255, -0.486021805590222, -0.121221342561618, -0.487129746294676, 0.285215348997049, 0.627098947980785, 0.863481005550919, 2.41240255527424, 0.384719538676278, 0.535684705019478, -0.616930105903225, 
0.592135368580882, 0.525030129062436, -1.88528077498985, 0.282512804419623, -1.98499993145891, 0.442671127325742, -2.02849434870773, 1.51208030053441, 0.531386681241327, -0.541251287160386, 3.01144320814597, -0.960298220269427, -1.50377435901129, -0.444696455277838, -0.621008878578756, -0.34865884320901, -1.380568619206, 0.178042206013947, -0.211346835220023, 0.00733853547905028, 1.63058298078294, -1.12790714594668, 1.65649026985629, -1.03265217864905, 0.0230361282036138, -1.68587346639539, 3.05127543260629, 
-0.16747747430215, -0.846844787951655, 0.30023670535488)
CA03_N04TAF	survive_1	c(1.50524247506517, 0.475964707407527, 0.696192226551991, 1.17485519812346, -0.189856305186071, -0.615343486185007, 0.687262818697947, -1.55549774895888, -0.613661508301715, -0.32635009670854, -0.859510404390147, -0.300381629473212, 0.189822460836002, -0.853747865413335, 0.00817289728329545, 0.206408888229255, -0.486021805590222, -0.121221342561618, -0.487129746294676, 0.285215348997049, 0.627098947980785, 0.863481005550919, 2.41240255527424, 0.384719538676278, 0.535684705019478, -0.616930105903225, 
0.592135368580882, 0.525030129062436, -1.88528077498985, 0.282512804419623, -1.98499993145891, 0.442671127325742, -2.02849434870773, 1.51208030053441, 0.531386681241327, -0.541251287160386, 3.01144320814597, -0.960298220269427, -1.50377435901129, -0.444696455277838, -0.621008878578756, -0.34865884320901, -1.380568619206, 0.178042206013947, -0.211346835220023, 0.00733853547905028, 1.63058298078294, -1.12790714594668, 1.65649026985629, -1.03265217864905, 0.0230361282036138, -1.68587346639539, 3.05127543260629, 
-0.16747747430215, -0.846844787951655, 0.30023670535488)
CA04_N04TAF	survive_1	c(1.50524247506517, 0.475964707407527, 0.696192226551991, 1.17485519812346, -0.189856305186071, -0.615343486185007, 0.687262818697947, -1.55549774895888, -0.613661508301715, -0.32635009670854, -0.859510404390147, -0.300381629473212, 0.189822460836002, -0.853747865413335, 0.00817289728329545, 0.206408888229255, -0.486021805590222, -0.121221342561618, -0.487129746294676, 0.285215348997049, 0.627098947980785, 0.863481005550919, 2.41240255527424, 0.384719538676278, 0.535684705019478, -0.616930105903225, 
0.592135368580882, 0.525030129062436, -1.88528077498985, 0.282512804419623, -1.98499993145891, 0.442671127325742, -2.02849434870773, 1.51208030053441, 0.531386681241327, -0.541251287160386, 3.01144320814597, -0.960298220269427, -1.50377435901129, -0.444696455277838, -0.621008878578756, -0.34865884320901, -1.380568619206, 0.178042206013947, -0.211346835220023, 0.00733853547905028, 1.63058298078294, -1.12790714594668, 1.65649026985629, -1.03265217864905, 0.0230361282036138, -1.68587346639539, 3.05127543260629, 
-0.16747747430215, -0.846844787951655, 0.30023670535488)
CA06_N04TAF	survive_1	c(1.50524247506517, 0.475964707407527, 0.696192226551991, 1.17485519812346, -0.189856305186071, -0.615343486185007, 0.687262818697947, -1.55549774895888, -0.613661508301715, -0.32635009670854, -0.859510404390147, -0.300381629473212, 0.189822460836002, -0.853747865413335, 0.00817289728329545, 0.206408888229255, -0.486021805590222, -0.121221342561618, -0.487129746294676, 0.285215348997049, 0.627098947980785, 0.863481005550919, 2.41240255527424, 0.384719538676278, 0.535684705019478, -0.616930105903225, 
0.592135368580882, 0.525030129062436, -1.88528077498985, 0.282512804419623, -1.98499993145891, 0.442671127325742, -2.02849434870773, 1.51208030053441, 0.531386681241327, -0.541251287160386, 3.01144320814597, -0.960298220269427, -1.50377435901129, -0.444696455277838, -0.621008878578756, -0.34865884320901, -1.380568619206, 0.178042206013947, -0.211346835220023, 0.00733853547905028, 1.63058298078294, -1.12790714594668, 1.65649026985629, -1.03265217864905, 0.0230361282036138, -1.68587346639539, 3.05127543260629, 
-0.16747747430215, -0.846844787951655, 0.30023670535488)
CA07_N04TAF	survive_1	c(1.50524247506517, 0.475964707407527, 0.696192226551991, 1.17485519812346, -0.189856305186071, -0.615343486185007, 0.687262818697947, -1.55549774895888, -0.613661508301715, -0.32635009670854, -0.859510404390147, -0.300381629473212, 0.189822460836002, -0.853747865413335, 0.00817289728329545, 0.206408888229255, -0.486021805590222, -0.121221342561618, -0.487129746294676, 0.285215348997049, 0.627098947980785, 0.863481005550919, 2.41240255527424, 0.384719538676278, 0.535684705019478, -0.616930105903225, 
0.592135368580882, 0.525030129062436, -1.88528077498985, 0.282512804419623, -1.98499993145891, 0.442671127325742, -2.02849434870773, 1.51208030053441, 0.531386681241327, -0.541251287160386, 3.01144320814597, -0.960298220269427, -1.50377435901129, -0.444696455277838, -0.621008878578756, -0.34865884320901, -1.380568619206, 0.178042206013947, -0.211346835220023, 0.00733853547905028, 1.63058298078294, -1.12790714594668, 1.65649026985629, -1.03265217864905, 0.0230361282036138, -1.68587346639539, 3.05127543260629, 
-0.16747747430215, -0.846844787951655, 0.30023670535488)
CA09_N04TAF	survive_1	c(1.50524247506517, 0.475964707407527, 0.696192226551991, 1.17485519812346, -0.189856305186071, -0.615343486185007, 0.687262818697947, -1.55549774895888, -0.613661508301715, -0.32635009670854, -0.859510404390147, -0.300381629473212, 0.189822460836002, -0.853747865413335, 0.00817289728329545, 0.206408888229255, -0.486021805590222, -0.121221342561618, -0.487129746294676, 0.285215348997049, 0.627098947980785, 0.863481005550919, 2.41240255527424, 0.384719538676278, 0.535684705019478, -0.616930105903225, 
0.592135368580882, 0.525030129062436, -1.88528077498985, 0.282512804419623, -1.98499993145891, 0.442671127325742, -2.02849434870773, 1.51208030053441, 0.531386681241327, -0.541251287160386, 3.01144320814597, -0.960298220269427, -1.50377435901129, -0.444696455277838, -0.621008878578756, -0.34865884320901, -1.380568619206, 0.178042206013947, -0.211346835220023, 0.00733853547905028, 1.63058298078294, -1.12790714594668, 1.65649026985629, -1.03265217864905, 0.0230361282036138, -1.68587346639539, 3.05127543260629, 
-0.16747747430215, -0.846844787951655, 0.30023670535488)
CA10_N04TAF	survive_1	c(1.50524247506517, 0.475964707407527, 0.696192226551991, 1.17485519812346, -0.189856305186071, -0.615343486185007, 0.687262818697947, -1.55549774895888, -0.613661508301715, -0.32635009670854, -0.859510404390147, -0.300381629473212, 0.189822460836002, -0.853747865413335, 0.00817289728329545, 0.206408888229255, -0.486021805590222, -0.121221342561618, -0.487129746294676, 0.285215348997049, 0.627098947980785, 0.863481005550919, 2.41240255527424, 0.384719538676278, 0.535684705019478, -0.616930105903225, 
0.592135368580882, 0.525030129062436, -1.88528077498985, 0.282512804419623, -1.98499993145891, 0.442671127325742, -2.02849434870773, 1.51208030053441, 0.531386681241327, -0.541251287160386, 3.01144320814597, -0.960298220269427, -1.50377435901129, -0.444696455277838, -0.621008878578756, -0.34865884320901, -1.380568619206, 0.178042206013947, -0.211346835220023, 0.00733853547905028, 1.63058298078294, -1.12790714594668, 1.65649026985629, -1.03265217864905, 0.0230361282036138, -1.68587346639539, 3.05127543260629, 
-0.16747747430215, -0.846844787951655, 0.30023670535488)
CA11_N04TAF	survive_1	c(1.50524247506517, 0.475964707407527, 0.696192226551991, 1.17485519812346, -0.189856305186071, -0.615343486185007, 0.687262818697947, -1.55549774895888, -0.613661508301715, -0.32635009670854, -0.859510404390147, -0.300381629473212, 0.189822460836002, -0.853747865413335, 0.00817289728329545, 0.206408888229255, -0.486021805590222, -0.121221342561618, -0.487129746294676, 0.285215348997049, 0.627098947980785, 0.863481005550919, 2.41240255527424, 0.384719538676278, 0.535684705019478, -0.616930105903225, 
0.592135368580882, 0.525030129062436, -1.88528077498985, 0.282512804419623, -1.98499993145891, 0.442671127325742, -2.02849434870773, 1.51208030053441, 0.531386681241327, -0.541251287160386, 3.01144320814597, -0.960298220269427, -1.50377435901129, -0.444696455277838, -0.621008878578756, -0.34865884320901, -1.380568619206, 0.178042206013947, -0.211346835220023, 0.00733853547905028, 1.63058298078294, -1.12790714594668, 1.65649026985629, -1.03265217864905, 0.0230361282036138, -1.68587346639539, 3.05127543260629, 
-0.16747747430215, -0.846844787951655, 0.30023670535488)
CA14_N04TAF	survive_0	c(1.50524247506517, 0.475964707407527, 0.696192226551991, 1.17485519812346, -0.189856305186071, -0.615343486185007, 0.687262818697947, -1.55549774895888, -0.613661508301715, -0.32635009670854, -0.859510404390147, -0.300381629473212, 0.189822460836002, -0.853747865413335, 0.00817289728329545, 0.206408888229255, -0.486021805590222, -0.121221342561618, -0.487129746294676, 0.285215348997049, 0.627098947980785, 0.863481005550919, 2.41240255527424, 0.384719538676278, 0.535684705019478, -0.616930105903225, 
0.592135368580882, 0.525030129062436, -1.88528077498985, 0.282512804419623, -1.98499993145891, 0.442671127325742, -2.02849434870773, 1.51208030053441, 0.531386681241327, -0.541251287160386, 3.01144320814597, -0.960298220269427, -1.50377435901129, -0.444696455277838, -0.621008878578756, -0.34865884320901, -1.380568619206, 0.178042206013947, -0.211346835220023, 0.00733853547905028, 1.63058298078294, -1.12790714594668, 1.65649026985629, -1.03265217864905, 0.0230361282036138, -1.68587346639539, 3.05127543260629, 
-0.16747747430215, -0.846844787951655, 0.30023670535488)
CA16_N04TAF	survive_0	c(1.50524247506517, 0.475964707407527, 0.696192226551991, 1.17485519812346, -0.189856305186071, -0.615343486185007, 0.687262818697947, -1.55549774895888, -0.613661508301715, -0.32635009670854, -0.859510404390147, -0.300381629473212, 0.189822460836002, -0.853747865413335, 0.00817289728329545, 0.206408888229255, -0.486021805590222, -0.121221342561618, -0.487129746294676, 0.285215348997049, 0.627098947980785, 0.863481005550919, 2.41240255527424, 0.384719538676278, 0.535684705019478, -0.616930105903225, 
0.592135368580882, 0.525030129062436, -1.88528077498985, 0.282512804419623, -1.98499993145891, 0.442671127325742, -2.02849434870773, 1.51208030053441, 0.531386681241327, -0.541251287160386, 3.01144320814597, -0.960298220269427, -1.50377435901129, -0.444696455277838, -0.621008878578756, -0.34865884320901, -1.380568619206, 0.178042206013947, -0.211346835220023, 0.00733853547905028, 1.63058298078294, -1.12790714594668, 1.65649026985629, -1.03265217864905, 0.0230361282036138, -1.68587346639539, 3.05127543260629, 
-0.16747747430215, -0.846844787951655, 0.30023670535488)
CA17_N04TAF	survive_0	c(1.50524247506517, 0.475964707407527, 0.696192226551991, 1.17485519812346, -0.189856305186071, -0.615343486185007, 0.687262818697947, -1.55549774895888, -0.613661508301715, -0.32635009670854, -0.859510404390147, -0.300381629473212, 0.189822460836002, -0.853747865413335, 0.00817289728329545, 0.206408888229255, -0.486021805590222, -0.121221342561618, -0.487129746294676, 0.285215348997049, 0.627098947980785, 0.863481005550919, 2.41240255527424, 0.384719538676278, 0.535684705019478, -0.616930105903225, 
0.592135368580882, 0.525030129062436, -1.88528077498985, 0.282512804419623, -1.98499993145891, 0.442671127325742, -2.02849434870773, 1.51208030053441, 0.531386681241327, -0.541251287160386, 3.01144320814597, -0.960298220269427, -1.50377435901129, -0.444696455277838, -0.621008878578756, -0.34865884320901, -1.380568619206, 0.178042206013947, -0.211346835220023, 0.00733853547905028, 1.63058298078294, -1.12790714594668, 1.65649026985629, -1.03265217864905, 0.0230361282036138, -1.68587346639539, 3.05127543260629, 
-0.16747747430215, -0.846844787951655, 0.30023670535488)
CA18_N04TAF	survive_0	c(1.50524247506517, 0.475964707407527, 0.696192226551991, 1.17485519812346, -0.189856305186071, -0.615343486185007, 0.687262818697947, -1.55549774895888, -0.613661508301715, -0.32635009670854, -0.859510404390147, -0.300381629473212, 0.189822460836002, -0.853747865413335, 0.00817289728329545, 0.206408888229255, -0.486021805590222, -0.121221342561618, -0.487129746294676, 0.285215348997049, 0.627098947980785, 0.863481005550919, 2.41240255527424, 0.384719538676278, 0.535684705019478, -0.616930105903225, 
0.592135368580882, 0.525030129062436, -1.88528077498985, 0.282512804419623, -1.98499993145891, 0.442671127325742, -2.02849434870773, 1.51208030053441, 0.531386681241327, -0.541251287160386, 3.01144320814597, -0.960298220269427, -1.50377435901129, -0.444696455277838, -0.621008878578756, -0.34865884320901, -1.380568619206, 0.178042206013947, -0.211346835220023, 0.00733853547905028, 1.63058298078294, -1.12790714594668, 1.65649026985629, -1.03265217864905, 0.0230361282036138, -1.68587346639539, 3.05127543260629, 
-0.16747747430215, -0.846844787951655, 0.30023670535488)
CA19_N04TAF	survive_0	c(1.50524247506517, 0.475964707407527, 0.696192226551991, 1.17485519812346, -0.189856305186071, -0.615343486185007, 0.687262818697947, -1.55549774895888, -0.613661508301715, -0.32635009670854, -0.859510404390147, -0.300381629473212, 0.189822460836002, -0.853747865413335, 0.00817289728329545, 0.206408888229255, -0.486021805590222, -0.121221342561618, -0.487129746294676, 0.285215348997049, 0.627098947980785, 0.863481005550919, 2.41240255527424, 0.384719538676278, 0.535684705019478, -0.616930105903225, 
0.592135368580882, 0.525030129062436, -1.88528077498985, 0.282512804419623, -1.98499993145891, 0.442671127325742, -2.02849434870773, 1.51208030053441, 0.531386681241327, -0.541251287160386, 3.01144320814597, -0.960298220269427, -1.50377435901129, -0.444696455277838, -0.621008878578756, -0.34865884320901, -1.380568619206, 0.178042206013947, -0.211346835220023, 0.00733853547905028, 1.63058298078294, -1.12790714594668, 1.65649026985629, -1.03265217864905, 0.0230361282036138, -1.68587346639539, 3.05127543260629, 
-0.16747747430215, -0.846844787951655, 0.30023670535488)
CA21_N04TAF	survive_0	c(1.50524247506517, 0.475964707407527, 0.696192226551991, 1.17485519812346, -0.189856305186071, -0.615343486185007, 0.687262818697947, -1.55549774895888, -0.613661508301715, -0.32635009670854, -0.859510404390147, -0.300381629473212, 0.189822460836002, -0.853747865413335, 0.00817289728329545, 0.206408888229255, -0.486021805590222, -0.121221342561618, -0.487129746294676, 0.285215348997049, 0.627098947980785, 0.863481005550919, 2.41240255527424, 0.384719538676278, 0.535684705019478, -0.616930105903225, 
0.592135368580882, 0.525030129062436, -1.88528077498985, 0.282512804419623, -1.98499993145891, 0.442671127325742, -2.02849434870773, 1.51208030053441, 0.531386681241327, -0.541251287160386, 3.01144320814597, -0.960298220269427, -1.50377435901129, -0.444696455277838, -0.621008878578756, -0.34865884320901, -1.380568619206, 0.178042206013947, -0.211346835220023, 0.00733853547905028, 1.63058298078294, -1.12790714594668, 1.65649026985629, -1.03265217864905, 0.0230361282036138, -1.68587346639539, 3.05127543260629, 
-0.16747747430215, -0.846844787951655, 0.30023670535488)
CA22_N04TAF	survive_0	c(1.50524247506517, 0.475964707407527, 0.696192226551991, 1.17485519812346, -0.189856305186071, -0.615343486185007, 0.687262818697947, -1.55549774895888, -0.613661508301715, -0.32635009670854, -0.859510404390147, -0.300381629473212, 0.189822460836002, -0.853747865413335, 0.00817289728329545, 0.206408888229255, -0.486021805590222, -0.121221342561618, -0.487129746294676, 0.285215348997049, 0.627098947980785, 0.863481005550919, 2.41240255527424, 0.384719538676278, 0.535684705019478, -0.616930105903225, 
0.592135368580882, 0.525030129062436, -1.88528077498985, 0.282512804419623, -1.98499993145891, 0.442671127325742, -2.02849434870773, 1.51208030053441, 0.531386681241327, -0.541251287160386, 3.01144320814597, -0.960298220269427, -1.50377435901129, -0.444696455277838, -0.621008878578756, -0.34865884320901, -1.380568619206, 0.178042206013947, -0.211346835220023, 0.00733853547905028, 1.63058298078294, -1.12790714594668, 1.65649026985629, -1.03265217864905, 0.0230361282036138, -1.68587346639539, 3.05127543260629, 
-0.16747747430215, -0.846844787951655, 0.30023670535488)
CA25_N04TAF	survive_0	c(1.50524247506517, 0.475964707407527, 0.696192226551991, 1.17485519812346, -0.189856305186071, -0.615343486185007, 0.687262818697947, -1.55549774895888, -0.613661508301715, -0.32635009670854, -0.859510404390147, -0.300381629473212, 0.189822460836002, -0.853747865413335, 0.00817289728329545, 0.206408888229255, -0.486021805590222, -0.121221342561618, -0.487129746294676, 0.285215348997049, 0.627098947980785, 0.863481005550919, 2.41240255527424, 0.384719538676278, 0.535684705019478, -0.616930105903225, 
0.592135368580882, 0.525030129062436, -1.88528077498985, 0.282512804419623, -1.98499993145891, 0.442671127325742, -2.02849434870773, 1.51208030053441, 0.531386681241327, -0.541251287160386, 3.01144320814597, -0.960298220269427, -1.50377435901129, -0.444696455277838, -0.621008878578756, -0.34865884320901, -1.380568619206, 0.178042206013947, -0.211346835220023, 0.00733853547905028, 1.63058298078294, -1.12790714594668, 1.65649026985629, -1.03265217864905, 0.0230361282036138, -1.68587346639539, 3.05127543260629, 
-0.16747747430215, -0.846844787951655, 0.30023670535488)
CA27_N04TAF	survive_0	c(1.50524247506517, 0.475964707407527, 0.696192226551991, 1.17485519812346, -0.189856305186071, -0.615343486185007, 0.687262818697947, -1.55549774895888, -0.613661508301715, -0.32635009670854, -0.859510404390147, -0.300381629473212, 0.189822460836002, -0.853747865413335, 0.00817289728329545, 0.206408888229255, -0.486021805590222, -0.121221342561618, -0.487129746294676, 0.285215348997049, 0.627098947980785, 0.863481005550919, 2.41240255527424, 0.384719538676278, 0.535684705019478, -0.616930105903225, 
0.592135368580882, 0.525030129062436, -1.88528077498985, 0.282512804419623, -1.98499993145891, 0.442671127325742, -2.02849434870773, 1.51208030053441, 0.531386681241327, -0.541251287160386, 3.01144320814597, -0.960298220269427, -1.50377435901129, -0.444696455277838, -0.621008878578756, -0.34865884320901, -1.380568619206, 0.178042206013947, -0.211346835220023, 0.00733853547905028, 1.63058298078294, -1.12790714594668, 1.65649026985629, -1.03265217864905, 0.0230361282036138, -1.68587346639539, 3.05127543260629, 
-0.16747747430215, -0.846844787951655, 0.30023670535488)
CA28_N04TAF	survive_0	c(1.50524247506517, 0.475964707407527, 0.696192226551991, 1.17485519812346, -0.189856305186071, -0.615343486185007, 0.687262818697947, -1.55549774895888, -0.613661508301715, -0.32635009670854, -0.859510404390147, -0.300381629473212, 0.189822460836002, -0.853747865413335, 0.00817289728329545, 0.206408888229255, -0.486021805590222, -0.121221342561618, -0.487129746294676, 0.285215348997049, 0.627098947980785, 0.863481005550919, 2.41240255527424, 0.384719538676278, 0.535684705019478, -0.616930105903225, 
0.592135368580882, 0.525030129062436, -1.88528077498985, 0.282512804419623, -1.98499993145891, 0.442671127325742, -2.02849434870773, 1.51208030053441, 0.531386681241327, -0.541251287160386, 3.01144320814597, -0.960298220269427, -1.50377435901129, -0.444696455277838, -0.621008878578756, -0.34865884320901, -1.380568619206, 0.178042206013947, -0.211346835220023, 0.00733853547905028, 1.63058298078294, -1.12790714594668, 1.65649026985629, -1.03265217864905, 0.0230361282036138, -1.68587346639539, 3.05127543260629, 
-0.16747747430215, -0.846844787951655, 0.30023670535488)
CA29_N04TAF	survive_0	c(1.50524247506517, 0.475964707407527, 0.696192226551991, 1.17485519812346, -0.189856305186071, -0.615343486185007, 0.687262818697947, -1.55549774895888, -0.613661508301715, -0.32635009670854, -0.859510404390147, -0.300381629473212, 0.189822460836002, -0.853747865413335, 0.00817289728329545, 0.206408888229255, -0.486021805590222, -0.121221342561618, -0.487129746294676, 0.285215348997049, 0.627098947980785, 0.863481005550919, 2.41240255527424, 0.384719538676278, 0.535684705019478, -0.616930105903225, 
0.592135368580882, 0.525030129062436, -1.88528077498985, 0.282512804419623, -1.98499993145891, 0.442671127325742, -2.02849434870773, 1.51208030053441, 0.531386681241327, -0.541251287160386, 3.01144320814597, -0.960298220269427, -1.50377435901129, -0.444696455277838, -0.621008878578756, -0.34865884320901, -1.380568619206, 0.178042206013947, -0.211346835220023, 0.00733853547905028, 1.63058298078294, -1.12790714594668, 1.65649026985629, -1.03265217864905, 0.0230361282036138, -1.68587346639539, 3.05127543260629, 
-0.16747747430215, -0.846844787951655, 0.30023670535488)
CA30_N04TAF	survive_1	c(1.50524247506517, 0.475964707407527, 0.696192226551991, 1.17485519812346, -0.189856305186071, -0.615343486185007, 0.687262818697947, -1.55549774895888, -0.613661508301715, -0.32635009670854, -0.859510404390147, -0.300381629473212, 0.189822460836002, -0.853747865413335, 0.00817289728329545, 0.206408888229255, -0.486021805590222, -0.121221342561618, -0.487129746294676, 0.285215348997049, 0.627098947980785, 0.863481005550919, 2.41240255527424, 0.384719538676278, 0.535684705019478, -0.616930105903225, 
0.592135368580882, 0.525030129062436, -1.88528077498985, 0.282512804419623, -1.98499993145891, 0.442671127325742, -2.02849434870773, 1.51208030053441, 0.531386681241327, -0.541251287160386, 3.01144320814597, -0.960298220269427, -1.50377435901129, -0.444696455277838, -0.621008878578756, -0.34865884320901, -1.380568619206, 0.178042206013947, -0.211346835220023, 0.00733853547905028, 1.63058298078294, -1.12790714594668, 1.65649026985629, -1.03265217864905, 0.0230361282036138, -1.68587346639539, 3.05127543260629, 
-0.16747747430215, -0.846844787951655, 0.30023670535488)
CC01_N04TAF	survive_0	c(1.50524247506517, 0.475964707407527, 0.696192226551991, 1.17485519812346, -0.189856305186071, -0.615343486185007, 0.687262818697947, -1.55549774895888, -0.613661508301715, -0.32635009670854, -0.859510404390147, -0.300381629473212, 0.189822460836002, -0.853747865413335, 0.00817289728329545, 0.206408888229255, -0.486021805590222, -0.121221342561618, -0.487129746294676, 0.285215348997049, 0.627098947980785, 0.863481005550919, 2.41240255527424, 0.384719538676278, 0.535684705019478, -0.616930105903225, 
0.592135368580882, 0.525030129062436, -1.88528077498985, 0.282512804419623, -1.98499993145891, 0.442671127325742, -2.02849434870773, 1.51208030053441, 0.531386681241327, -0.541251287160386, 3.01144320814597, -0.960298220269427, -1.50377435901129, -0.444696455277838, -0.621008878578756, -0.34865884320901, -1.380568619206, 0.178042206013947, -0.211346835220023, 0.00733853547905028, 1.63058298078294, -1.12790714594668, 1.65649026985629, -1.03265217864905, 0.0230361282036138, -1.68587346639539, 3.05127543260629, 
-0.16747747430215, -0.846844787951655, 0.30023670535488)
CC02_N04TAF	survive_0	c(1.50524247506517, 0.475964707407527, 0.696192226551991, 1.17485519812346, -0.189856305186071, -0.615343486185007, 0.687262818697947, -1.55549774895888, -0.613661508301715, -0.32635009670854, -0.859510404390147, -0.300381629473212, 0.189822460836002, -0.853747865413335, 0.00817289728329545, 0.206408888229255, -0.486021805590222, -0.121221342561618, -0.487129746294676, 0.285215348997049, 0.627098947980785, 0.863481005550919, 2.41240255527424, 0.384719538676278, 0.535684705019478, -0.616930105903225, 
0.592135368580882, 0.525030129062436, -1.88528077498985, 0.282512804419623, -1.98499993145891, 0.442671127325742, -2.02849434870773, 1.51208030053441, 0.531386681241327, -0.541251287160386, 3.01144320814597, -0.960298220269427, -1.50377435901129, -0.444696455277838, -0.621008878578756, -0.34865884320901, -1.380568619206, 0.178042206013947, -0.211346835220023, 0.00733853547905028, 1.63058298078294, -1.12790714594668, 1.65649026985629, -1.03265217864905, 0.0230361282036138, -1.68587346639539, 3.05127543260629, 
-0.16747747430215, -0.846844787951655, 0.30023670535488)
CC03_N04TAF	survive_0	c(1.50524247506517, 0.475964707407527, 0.696192226551991, 1.17485519812346, -0.189856305186071, -0.615343486185007, 0.687262818697947, -1.55549774895888, -0.613661508301715, -0.32635009670854, -0.859510404390147, -0.300381629473212, 0.189822460836002, -0.853747865413335, 0.00817289728329545, 0.206408888229255, -0.486021805590222, -0.121221342561618, -0.487129746294676, 0.285215348997049, 0.627098947980785, 0.863481005550919, 2.41240255527424, 0.384719538676278, 0.535684705019478, -0.616930105903225, 
0.592135368580882, 0.525030129062436, -1.88528077498985, 0.282512804419623, -1.98499993145891, 0.442671127325742, -2.02849434870773, 1.51208030053441, 0.531386681241327, -0.541251287160386, 3.01144320814597, -0.960298220269427, -1.50377435901129, -0.444696455277838, -0.621008878578756, -0.34865884320901, -1.380568619206, 0.178042206013947, -0.211346835220023, 0.00733853547905028, 1.63058298078294, -1.12790714594668, 1.65649026985629, -1.03265217864905, 0.0230361282036138, -1.68587346639539, 3.05127543260629, 
-0.16747747430215, -0.846844787951655, 0.30023670535488)
CC07_N04TAF	survive_0	c(1.50524247506517, 0.475964707407527, 0.696192226551991, 1.17485519812346, -0.189856305186071, -0.615343486185007, 0.687262818697947, -1.55549774895888, -0.613661508301715, -0.32635009670854, -0.859510404390147, -0.300381629473212, 0.189822460836002, -0.853747865413335, 0.00817289728329545, 0.206408888229255, -0.486021805590222, -0.121221342561618, -0.487129746294676, 0.285215348997049, 0.627098947980785, 0.863481005550919, 2.41240255527424, 0.384719538676278, 0.535684705019478, -0.616930105903225, 
0.592135368580882, 0.525030129062436, -1.88528077498985, 0.282512804419623, -1.98499993145891, 0.442671127325742, -2.02849434870773, 1.51208030053441, 0.531386681241327, -0.541251287160386, 3.01144320814597, -0.960298220269427, -1.50377435901129, -0.444696455277838, -0.621008878578756, -0.34865884320901, -1.380568619206, 0.178042206013947, -0.211346835220023, 0.00733853547905028, 1.63058298078294, -1.12790714594668, 1.65649026985629, -1.03265217864905, 0.0230361282036138, -1.68587346639539, 3.05127543260629, 
-0.16747747430215, -0.846844787951655, 0.30023670535488)
CC09_N04TAF	survive_0	c(1.50524247506517, 0.475964707407527, 0.696192226551991, 1.17485519812346, -0.189856305186071, -0.615343486185007, 0.687262818697947, -1.55549774895888, -0.613661508301715, -0.32635009670854, -0.859510404390147, -0.300381629473212, 0.189822460836002, -0.853747865413335, 0.00817289728329545, 0.206408888229255, -0.486021805590222, -0.121221342561618, -0.487129746294676, 0.285215348997049, 0.627098947980785, 0.863481005550919, 2.41240255527424, 0.384719538676278, 0.535684705019478, -0.616930105903225, 
0.592135368580882, 0.525030129062436, -1.88528077498985, 0.282512804419623, -1.98499993145891, 0.442671127325742, -2.02849434870773, 1.51208030053441, 0.531386681241327, -0.541251287160386, 3.01144320814597, -0.960298220269427, -1.50377435901129, -0.444696455277838, -0.621008878578756, -0.34865884320901, -1.380568619206, 0.178042206013947, -0.211346835220023, 0.00733853547905028, 1.63058298078294, -1.12790714594668, 1.65649026985629, -1.03265217864905, 0.0230361282036138, -1.68587346639539, 3.05127543260629, 
-0.16747747430215, -0.846844787951655, 0.30023670535488)
CC10_N04TAF	survive_1	c(1.50524247506517, 0.475964707407527, 0.696192226551991, 1.17485519812346, -0.189856305186071, -0.615343486185007, 0.687262818697947, -1.55549774895888, -0.613661508301715, -0.32635009670854, -0.859510404390147, -0.300381629473212, 0.189822460836002, -0.853747865413335, 0.00817289728329545, 0.206408888229255, -0.486021805590222, -0.121221342561618, -0.487129746294676, 0.285215348997049, 0.627098947980785, 0.863481005550919, 2.41240255527424, 0.384719538676278, 0.535684705019478, -0.616930105903225, 
0.592135368580882, 0.525030129062436, -1.88528077498985, 0.282512804419623, -1.98499993145891, 0.442671127325742, -2.02849434870773, 1.51208030053441, 0.531386681241327, -0.541251287160386, 3.01144320814597, -0.960298220269427, -1.50377435901129, -0.444696455277838, -0.621008878578756, -0.34865884320901, -1.380568619206, 0.178042206013947, -0.211346835220023, 0.00733853547905028, 1.63058298078294, -1.12790714594668, 1.65649026985629, -1.03265217864905, 0.0230361282036138, -1.68587346639539, 3.05127543260629, 
-0.16747747430215, -0.846844787951655, 0.30023670535488)
CC11_N04TAF	survive_1	c(1.50524247506517, 0.475964707407527, 0.696192226551991, 1.17485519812346, -0.189856305186071, -0.615343486185007, 0.687262818697947, -1.55549774895888, -0.613661508301715, -0.32635009670854, -0.859510404390147, -0.300381629473212, 0.189822460836002, -0.853747865413335, 0.00817289728329545, 0.206408888229255, -0.486021805590222, -0.121221342561618, -0.487129746294676, 0.285215348997049, 0.627098947980785, 0.863481005550919, 2.41240255527424, 0.384719538676278, 0.535684705019478, -0.616930105903225, 
0.592135368580882, 0.525030129062436, -1.88528077498985, 0.282512804419623, -1.98499993145891, 0.442671127325742, -2.02849434870773, 1.51208030053441, 0.531386681241327, -0.541251287160386, 3.01144320814597, -0.960298220269427, -1.50377435901129, -0.444696455277838, -0.621008878578756, -0.34865884320901, -1.380568619206, 0.178042206013947, -0.211346835220023, 0.00733853547905028, 1.63058298078294, -1.12790714594668, 1.65649026985629, -1.03265217864905, 0.0230361282036138, -1.68587346639539, 3.05127543260629, 
-0.16747747430215, -0.846844787951655, 0.30023670535488)
CC13_N04TAF	survive_0	c(1.50524247506517, 0.475964707407527, 0.696192226551991, 1.17485519812346, -0.189856305186071, -0.615343486185007, 0.687262818697947, -1.55549774895888, -0.613661508301715, -0.32635009670854, -0.859510404390147, -0.300381629473212, 0.189822460836002, -0.853747865413335, 0.00817289728329545, 0.206408888229255, -0.486021805590222, -0.121221342561618, -0.487129746294676, 0.285215348997049, 0.627098947980785, 0.863481005550919, 2.41240255527424, 0.384719538676278, 0.535684705019478, -0.616930105903225, 
0.592135368580882, 0.525030129062436, -1.88528077498985, 0.282512804419623, -1.98499993145891, 0.442671127325742, -2.02849434870773, 1.51208030053441, 0.531386681241327, -0.541251287160386, 3.01144320814597, -0.960298220269427, -1.50377435901129, -0.444696455277838, -0.621008878578756, -0.34865884320901, -1.380568619206, 0.178042206013947, -0.211346835220023, 0.00733853547905028, 1.63058298078294, -1.12790714594668, 1.65649026985629, -1.03265217864905, 0.0230361282036138, -1.68587346639539, 3.05127543260629, 
-0.16747747430215, -0.846844787951655, 0.30023670535488)
CC15_N04TAF	survive_1	c(1.50524247506517, 0.475964707407527, 0.696192226551991, 1.17485519812346, -0.189856305186071, -0.615343486185007, 0.687262818697947, -1.55549774895888, -0.613661508301715, -0.32635009670854, -0.859510404390147, -0.300381629473212, 0.189822460836002, -0.853747865413335, 0.00817289728329545, 0.206408888229255, -0.486021805590222, -0.121221342561618, -0.487129746294676, 0.285215348997049, 0.627098947980785, 0.863481005550919, 2.41240255527424, 0.384719538676278, 0.535684705019478, -0.616930105903225, 
0.592135368580882, 0.525030129062436, -1.88528077498985, 0.282512804419623, -1.98499993145891, 0.442671127325742, -2.02849434870773, 1.51208030053441, 0.531386681241327, -0.541251287160386, 3.01144320814597, -0.960298220269427, -1.50377435901129, -0.444696455277838, -0.621008878578756, -0.34865884320901, -1.380568619206, 0.178042206013947, -0.211346835220023, 0.00733853547905028, 1.63058298078294, -1.12790714594668, 1.65649026985629, -1.03265217864905, 0.0230361282036138, -1.68587346639539, 3.05127543260629, 
-0.16747747430215, -0.846844787951655, 0.30023670535488)
CC16_N04TAF	survive_1	c(1.50524247506517, 0.475964707407527, 0.696192226551991, 1.17485519812346, -0.189856305186071, -0.615343486185007, 0.687262818697947, -1.55549774895888, -0.613661508301715, -0.32635009670854, -0.859510404390147, -0.300381629473212, 0.189822460836002, -0.853747865413335, 0.00817289728329545, 0.206408888229255, -0.486021805590222, -0.121221342561618, -0.487129746294676, 0.285215348997049, 0.627098947980785, 0.863481005550919, 2.41240255527424, 0.384719538676278, 0.535684705019478, -0.616930105903225, 
0.592135368580882, 0.525030129062436, -1.88528077498985, 0.282512804419623, -1.98499993145891, 0.442671127325742, -2.02849434870773, 1.51208030053441, 0.531386681241327, -0.541251287160386, 3.01144320814597, -0.960298220269427, -1.50377435901129, -0.444696455277838, -0.621008878578756, -0.34865884320901, -1.380568619206, 0.178042206013947, -0.211346835220023, 0.00733853547905028, 1.63058298078294, -1.12790714594668, 1.65649026985629, -1.03265217864905, 0.0230361282036138, -1.68587346639539, 3.05127543260629, 
-0.16747747430215, -0.846844787951655, 0.30023670535488)
CC17_N04TAF	survive_1	c(1.50524247506517, 0.475964707407527, 0.696192226551991, 1.17485519812346, -0.189856305186071, -0.615343486185007, 0.687262818697947, -1.55549774895888, -0.613661508301715, -0.32635009670854, -0.859510404390147, -0.300381629473212, 0.189822460836002, -0.853747865413335, 0.00817289728329545, 0.206408888229255, -0.486021805590222, -0.121221342561618, -0.487129746294676, 0.285215348997049, 0.627098947980785, 0.863481005550919, 2.41240255527424, 0.384719538676278, 0.535684705019478, -0.616930105903225, 
0.592135368580882, 0.525030129062436, -1.88528077498985, 0.282512804419623, -1.98499993145891, 0.442671127325742, -2.02849434870773, 1.51208030053441, 0.531386681241327, -0.541251287160386, 3.01144320814597, -0.960298220269427, -1.50377435901129, -0.444696455277838, -0.621008878578756, -0.34865884320901, -1.380568619206, 0.178042206013947, -0.211346835220023, 0.00733853547905028, 1.63058298078294, -1.12790714594668, 1.65649026985629, -1.03265217864905, 0.0230361282036138, -1.68587346639539, 3.05127543260629, 
-0.16747747430215, -0.846844787951655, 0.30023670535488)
CC20_N04TAF	survive_1	c(1.50524247506517, 0.475964707407527, 0.696192226551991, 1.17485519812346, -0.189856305186071, -0.615343486185007, 0.687262818697947, -1.55549774895888, -0.613661508301715, -0.32635009670854, -0.859510404390147, -0.300381629473212, 0.189822460836002, -0.853747865413335, 0.00817289728329545, 0.206408888229255, -0.486021805590222, -0.121221342561618, -0.487129746294676, 0.285215348997049, 0.627098947980785, 0.863481005550919, 2.41240255527424, 0.384719538676278, 0.535684705019478, -0.616930105903225, 
0.592135368580882, 0.525030129062436, -1.88528077498985, 0.282512804419623, -1.98499993145891, 0.442671127325742, -2.02849434870773, 1.51208030053441, 0.531386681241327, -0.541251287160386, 3.01144320814597, -0.960298220269427, -1.50377435901129, -0.444696455277838, -0.621008878578756, -0.34865884320901, -1.380568619206, 0.178042206013947, -0.211346835220023, 0.00733853547905028, 1.63058298078294, -1.12790714594668, 1.65649026985629, -1.03265217864905, 0.0230361282036138, -1.68587346639539, 3.05127543260629, 
-0.16747747430215, -0.846844787951655, 0.30023670535488)
CC21_N04TAF	survive_0	c(1.50524247506517, 0.475964707407527, 0.696192226551991, 1.17485519812346, -0.189856305186071, -0.615343486185007, 0.687262818697947, -1.55549774895888, -0.613661508301715, -0.32635009670854, -0.859510404390147, -0.300381629473212, 0.189822460836002, -0.853747865413335, 0.00817289728329545, 0.206408888229255, -0.486021805590222, -0.121221342561618, -0.487129746294676, 0.285215348997049, 0.627098947980785, 0.863481005550919, 2.41240255527424, 0.384719538676278, 0.535684705019478, -0.616930105903225, 
0.592135368580882, 0.525030129062436, -1.88528077498985, 0.282512804419623, -1.98499993145891, 0.442671127325742, -2.02849434870773, 1.51208030053441, 0.531386681241327, -0.541251287160386, 3.01144320814597, -0.960298220269427, -1.50377435901129, -0.444696455277838, -0.621008878578756, -0.34865884320901, -1.380568619206, 0.178042206013947, -0.211346835220023, 0.00733853547905028, 1.63058298078294, -1.12790714594668, 1.65649026985629, -1.03265217864905, 0.0230361282036138, -1.68587346639539, 3.05127543260629, 
-0.16747747430215, -0.846844787951655, 0.30023670535488)
CC23_N04TAF	survive_0	c(1.50524247506517, 0.475964707407527, 0.696192226551991, 1.17485519812346, -0.189856305186071, -0.615343486185007, 0.687262818697947, -1.55549774895888, -0.613661508301715, -0.32635009670854, -0.859510404390147, -0.300381629473212, 0.189822460836002, -0.853747865413335, 0.00817289728329545, 0.206408888229255, -0.486021805590222, -0.121221342561618, -0.487129746294676, 0.285215348997049, 0.627098947980785, 0.863481005550919, 2.41240255527424, 0.384719538676278, 0.535684705019478, -0.616930105903225, 
0.592135368580882, 0.525030129062436, -1.88528077498985, 0.282512804419623, -1.98499993145891, 0.442671127325742, -2.02849434870773, 1.51208030053441, 0.531386681241327, -0.541251287160386, 3.01144320814597, -0.960298220269427, -1.50377435901129, -0.444696455277838, -0.621008878578756, -0.34865884320901, -1.380568619206, 0.178042206013947, -0.211346835220023, 0.00733853547905028, 1.63058298078294, -1.12790714594668, 1.65649026985629, -1.03265217864905, 0.0230361282036138, -1.68587346639539, 3.05127543260629, 
-0.16747747430215, -0.846844787951655, 0.30023670535488)
CC24_N04TAF	survive_0	c(1.50524247506517, 0.475964707407527, 0.696192226551991, 1.17485519812346, -0.189856305186071, -0.615343486185007, 0.687262818697947, -1.55549774895888, -0.613661508301715, -0.32635009670854, -0.859510404390147, -0.300381629473212, 0.189822460836002, -0.853747865413335, 0.00817289728329545, 0.206408888229255, -0.486021805590222, -0.121221342561618, -0.487129746294676, 0.285215348997049, 0.627098947980785, 0.863481005550919, 2.41240255527424, 0.384719538676278, 0.535684705019478, -0.616930105903225, 
0.592135368580882, 0.525030129062436, -1.88528077498985, 0.282512804419623, -1.98499993145891, 0.442671127325742, -2.02849434870773, 1.51208030053441, 0.531386681241327, -0.541251287160386, 3.01144320814597, -0.960298220269427, -1.50377435901129, -0.444696455277838, -0.621008878578756, -0.34865884320901, -1.380568619206, 0.178042206013947, -0.211346835220023, 0.00733853547905028, 1.63058298078294, -1.12790714594668, 1.65649026985629, -1.03265217864905, 0.0230361282036138, -1.68587346639539, 3.05127543260629, 
-0.16747747430215, -0.846844787951655, 0.30023670535488)
CC26_N04TAF	survive_1	c(1.50524247506517, 0.475964707407527, 0.696192226551991, 1.17485519812346, -0.189856305186071, -0.615343486185007, 0.687262818697947, -1.55549774895888, -0.613661508301715, -0.32635009670854, -0.859510404390147, -0.300381629473212, 0.189822460836002, -0.853747865413335, 0.00817289728329545, 0.206408888229255, -0.486021805590222, -0.121221342561618, -0.487129746294676, 0.285215348997049, 0.627098947980785, 0.863481005550919, 2.41240255527424, 0.384719538676278, 0.535684705019478, -0.616930105903225, 
0.592135368580882, 0.525030129062436, -1.88528077498985, 0.282512804419623, -1.98499993145891, 0.442671127325742, -2.02849434870773, 1.51208030053441, 0.531386681241327, -0.541251287160386, 3.01144320814597, -0.960298220269427, -1.50377435901129, -0.444696455277838, -0.621008878578756, -0.34865884320901, -1.380568619206, 0.178042206013947, -0.211346835220023, 0.00733853547905028, 1.63058298078294, -1.12790714594668, 1.65649026985629, -1.03265217864905, 0.0230361282036138, -1.68587346639539, 3.05127543260629, 
-0.16747747430215, -0.846844787951655, 0.30023670535488)
CC27_N04TAF	survive_0	c(1.50524247506517, 0.475964707407527, 0.696192226551991, 1.17485519812346, -0.189856305186071, -0.615343486185007, 0.687262818697947, -1.55549774895888, -0.613661508301715, -0.32635009670854, -0.859510404390147, -0.300381629473212, 0.189822460836002, -0.853747865413335, 0.00817289728329545, 0.206408888229255, -0.486021805590222, -0.121221342561618, -0.487129746294676, 0.285215348997049, 0.627098947980785, 0.863481005550919, 2.41240255527424, 0.384719538676278, 0.535684705019478, -0.616930105903225, 
0.592135368580882, 0.525030129062436, -1.88528077498985, 0.282512804419623, -1.98499993145891, 0.442671127325742, -2.02849434870773, 1.51208030053441, 0.531386681241327, -0.541251287160386, 3.01144320814597, -0.960298220269427, -1.50377435901129, -0.444696455277838, -0.621008878578756, -0.34865884320901, -1.380568619206, 0.178042206013947, -0.211346835220023, 0.00733853547905028, 1.63058298078294, -1.12790714594668, 1.65649026985629, -1.03265217864905, 0.0230361282036138, -1.68587346639539, 3.05127543260629, 
-0.16747747430215, -0.846844787951655, 0.30023670535488)
CC29_N04TAF	survive_1	c(1.50524247506517, 0.475964707407527, 0.696192226551991, 1.17485519812346, -0.189856305186071, -0.615343486185007, 0.687262818697947, -1.55549774895888, -0.613661508301715, -0.32635009670854, -0.859510404390147, -0.300381629473212, 0.189822460836002, -0.853747865413335, 0.00817289728329545, 0.206408888229255, -0.486021805590222, -0.121221342561618, -0.487129746294676, 0.285215348997049, 0.627098947980785, 0.863481005550919, 2.41240255527424, 0.384719538676278, 0.535684705019478, -0.616930105903225, 
0.592135368580882, 0.525030129062436, -1.88528077498985, 0.282512804419623, -1.98499993145891, 0.442671127325742, -2.02849434870773, 1.51208030053441, 0.531386681241327, -0.541251287160386, 3.01144320814597, -0.960298220269427, -1.50377435901129, -0.444696455277838, -0.621008878578756, -0.34865884320901, -1.380568619206, 0.178042206013947, -0.211346835220023, 0.00733853547905028, 1.63058298078294, -1.12790714594668, 1.65649026985629, -1.03265217864905, 0.0230361282036138, -1.68587346639539, 3.05127543260629, 
-0.16747747430215, -0.846844787951655, 0.30023670535488)
CC30_N04TAF	survive_0	c(1.50524247506517, 0.475964707407527, 0.696192226551991, 1.17485519812346, -0.189856305186071, -0.615343486185007, 0.687262818697947, -1.55549774895888, -0.613661508301715, -0.32635009670854, -0.859510404390147, -0.300381629473212, 0.189822460836002, -0.853747865413335, 0.00817289728329545, 0.206408888229255, -0.486021805590222, -0.121221342561618, -0.487129746294676, 0.285215348997049, 0.627098947980785, 0.863481005550919, 2.41240255527424, 0.384719538676278, 0.535684705019478, -0.616930105903225, 
0.592135368580882, 0.525030129062436, -1.88528077498985, 0.282512804419623, -1.98499993145891, 0.442671127325742, -2.02849434870773, 1.51208030053441, 0.531386681241327, -0.541251287160386, 3.01144320814597, -0.960298220269427, -1.50377435901129, -0.444696455277838, -0.621008878578756, -0.34865884320901, -1.380568619206, 0.178042206013947, -0.211346835220023, 0.00733853547905028, 1.63058298078294, -1.12790714594668, 1.65649026985629, -1.03265217864905, 0.0230361282036138, -1.68587346639539, 3.05127543260629, 
-0.16747747430215, -0.846844787951655, 0.30023670535488)
